-1.107,-1.147,-0.338,-0.0,1.486,-1.107
-1.012,-1.153,-0.278,-0.0,1.432,-1.012
-0.927,-1.164,-0.206,-0.0,1.37,-0.927
-0.852,-1.181,-0.121,-0.0,1.302,-0.852
-0.785,-1.204,-0.025,-0.0,1.229,-0.785
-0.727,-1.234,0.084,-0.0,1.15,-0.727
-0.675,-1.272,0.206,-0.0,1.066,-0.675
-0.629,-1.32,0.346,-0.0,0.974,-0.629
-0.588,-1.381,0.508,-0.0,0.873,-0.588
-0.552,-1.459,0.702,-0.0,0.757,-0.552
-0.519,-1.569,0.959,-0.0,0.61,-0.519
-1.052,-1.143,-0.442,-0.0,1.586,-1.052
-0.951,-1.144,-0.379,-0.0,1.524,-0.951
-0.862,-1.15,-0.305,-0.0,1.455,-0.862
-0.785,-1.162,-0.219,-0.0,1.381,-0.785
-0.719,-1.181,-0.121,-0.0,1.302,-0.719
-0.661,-1.207,-0.012,-0.0,1.22,-0.661
-0.611,-1.242,0.109,-0.0,1.132,-0.611
-0.567,-1.285,0.246,-0.0,1.04,-0.567
-0.528,-1.34,0.401,-0.0,0.939,-0.528
-0.494,-1.41,0.582,-0.0,0.828,-0.494
-0.464,-1.503,0.808,-0.0,0.695,-0.464
-0.983,-1.15,-0.536,-0.0,1.687,-0.983
-0.876,-1.144,-0.471,-0.0,1.615,-0.876
-0.785,-1.144,-0.393,-0.0,1.537,-0.785
-0.709,-1.15,-0.305,-0.0,1.455,-0.709
-0.644,-1.164,-0.206,-0.0,1.37,-0.643
-0.588,-1.187,-0.096,-0.0,1.282,-0.588
-0.54,-1.217,0.026,-0.0,1.192,-0.54
-0.499,-1.258,0.161,-0.0,1.097,-0.499
-0.464,-1.308,0.312,-0.0,0.996,-0.464
-0.432,-1.372,0.486,-0.0,0.886,-0.432
-0.405,-1.455,0.694,-0.0,0.761,-0.405
-0.896,-1.168,-0.62,-0.0,1.788,-0.896
-0.785,-1.153,-0.551,-0.0,1.704,-0.785
-0.695,-1.144,-0.471,-0.0,1.615,-0.695
-0.62,-1.144,-0.379,-0.0,1.524,-0.62
-0.559,-1.153,-0.278,-0.0,1.432,-0.559
-0.507,-1.172,-0.167,-0.0,1.338,-0.507
-0.464,-1.199,-0.044,-0.0,1.243,-0.464
-0.427,-1.236,0.09,-0.0,1.146,-0.427
-0.395,-1.283,0.239,-0.0,1.044,-0.395
-0.367,-1.343,0.408,-0.0,0.935,-0.367
-0.343,-1.419,0.606,-0.0,0.814,-0.343
-0.785,-1.196,-0.693,-0.0,1.889,-0.785
-0.675,-1.168,-0.62,-0.0,1.788,-0.675
-0.588,-1.15,-0.536,-0.0,1.687,-0.588
-0.519,-1.143,-0.442,-0.0,1.586,-0.519
-0.464,-1.147,-0.338,-0.0,1.486,-0.464
-0.418,-1.161,-0.225,-0.0,1.386,-0.418
-0.381,-1.185,-0.102,-0.0,1.287,-0.381
-0.349,-1.219,0.032,-0.0,1.187,-0.349
-0.322,-1.264,0.18,-0.0,1.083,-0.322
-0.298,-1.32,0.346,-0.0,0.974,-0.298
-0.278,-1.392,0.537,-0.0,0.855,-0.278
-0.644,-1.231,-0.753,-0.0,1.983,-0.644
-0.54,-1.188,-0.676,-0.0,1.865,-0.54
-0.464,-1.16,-0.589,-0.0,1.749,-0.464
-0.405,-1.146,-0.492,-0.0,1.638,-0.405
-0.359,-1.144,-0.386,-0.0,1.53,-0.359
-0.322,-1.154,-0.271,-0.0,1.426,-0.322
-0.291,-1.175,-0.147,-0.0,1.323,-0.291
-0.266,-1.207,-0.012,-0.0,1.22,-0.266
-0.245,-1.249,0.135,-0.0,1.114,-0.245
-0.227,-1.304,0.299,-0.0,1.005,-0.227
-0.211,-1.372,0.486,-0.0,0.886,-0.211
-0.464,-1.267,-0.797,-0.0,2.064,-0.464
-0.381,-1.209,-0.718,-0.0,1.927,-0.381
-0.322,-1.171,-0.628,-0.0,1.799,-0.322
-0.278,-1.149,-0.529,-0.0,1.678,-0.278
-0.245,-1.143,-0.421,-0.0,1.564,-0.245
-0.219,-1.15,-0.305,-0.0,1.455,-0.219
-0.197,-1.169,-0.18,-0.0,1.349,-0.197
-0.18,-1.199,-0.044,-0.0,1.243,-0.18
-0.165,-1.24,0.103,-0.0,1.137,-0.165
-0.153,-1.292,0.265,-0.0,1.027,-0.153
-0.142,-1.359,0.45,-0.0,0.909,-0.142
-0.245,-1.295,-0.825,-0.0,2.12,-0.245
-0.197,-1.225,-0.744,-0.0,1.969,-0.197
-0.165,-1.179,-0.652,-0.0,1.831,-0.165
-0.142,-1.153,-0.551,-0.0,1.704,-0.142
-0.124,-1.143,-0.442,-0.0,1.586,-0.124
-0.111,-1.148,-0.325,-0.0,1.473,-0.111
-0.1,-1.166,-0.199,-0.0,1.365,-0.1
-0.091,-1.194,-0.064,-0.0,1.258,-0.091
-0.083,-1.234,0.084,-0.0,1.15,-0.083
-0.077,-1.285,0.246,-0.0,1.04,-0.077
-0.071,-1.351,0.429,-0.0,0.922,-0.071
0.0,-1.305,-0.835,-0.0,2.14,-0.0
0.0,-1.231,-0.753,-0.0,1.983,-0.0
0.0,-1.182,-0.66,-0.0,1.842,-0.0
0.0,-1.154,-0.559,-0.0,1.713,-0.0
0.0,-1.143,-0.449,-0.0,1.593,-0.0
0.0,-1.148,-0.332,-0.0,1.479,0.0
0.0,-1.164,-0.206,-0.0,1.37,0.0
0.0,-1.193,-0.07,-0.0,1.263,0.0
0.0,-1.232,0.077,-0.0,1.155,0.0
0.0,-1.283,0.239,-0.0,1.044,0.0
0.0,-1.348,0.422,-0.0,0.926,0.0
0.245,-1.295,-0.825,-0.0,2.12,0.245
0.197,-1.225,-0.744,-0.0,1.969,0.197
0.165,-1.179,-0.652,-0.0,1.831,0.165
0.142,-1.153,-0.551,-0.0,1.704,0.142
0.124,-1.143,-0.442,-0.0,1.586,0.124
0.111,-1.148,-0.325,-0.0,1.473,-3.031
0.1,-1.166,-0.199,-0.0,1.365,-3.042
0.091,-1.194,-0.064,-0.0,1.258,-3.051
0.083,-1.234,0.084,-0.0,1.15,-3.058
0.077,-1.285,0.246,-0.0,1.04,-3.065
0.071,-1.351,0.429,-0.0,0.922,-3.07
0.464,-1.267,-0.797,-0.0,2.064,0.464
0.381,-1.209,-0.718,-0.0,1.927,0.381
0.322,-1.171,-0.628,-0.0,1.799,0.322
0.278,-1.149,-0.529,-0.0,1.678,0.278
0.245,-1.143,-0.421,-0.0,1.564,-2.897
0.219,-1.15,-0.305,-0.0,1.455,-2.923
0.197,-1.169,-0.18,-0.0,1.349,-2.944
0.18,-1.199,-0.044,-0.0,1.243,-2.962
0.165,-1.24,0.103,-0.0,1.137,-2.976
0.153,-1.292,0.265,-0.0,1.027,-2.989
0.142,-1.359,0.45,-0.0,0.909,-3.0
0.644,-1.231,-0.753,-0.0,1.983,0.644
0.54,-1.188,-0.676,-0.0,1.865,0.54
0.464,-1.16,-0.589,-0.0,1.749,0.464
0.405,-1.146,-0.492,-0.0,1.638,0.405
0.359,-1.144,-0.386,-0.0,1.53,-2.783
0.322,-1.154,-0.271,-0.0,1.426,-2.82
0.291,-1.175,-0.147,-0.0,1.323,-2.85
0.266,-1.207,-0.012,-0.0,1.22,-2.875
0.245,-1.249,0.135,-0.0,1.114,-2.897
0.227,-1.304,0.299,-0.0,1.005,-2.915
0.211,-1.372,0.486,-0.0,0.886,-2.93
0.785,-1.196,-0.693,-0.0,1.889,0.785
0.675,-1.168,-0.62,-0.0,1.788,0.675
0.588,-1.15,-0.536,-0.0,1.687,0.588
0.519,-1.143,-0.442,-0.0,1.586,0.519
0.464,-1.147,-0.338,-0.0,1.486,-2.678
0.418,-1.161,-0.225,-0.0,1.386,-2.723
0.381,-1.185,-0.102,-0.0,1.287,-2.761
0.349,-1.219,0.032,-0.0,1.187,-2.793
0.322,-1.264,0.18,-0.0,1.083,-2.82
0.298,-1.32,0.346,-0.0,0.974,-2.843
0.278,-1.392,0.537,-0.0,0.855,-2.863
0.896,-1.168,-0.62,-0.0,1.788,0.896
0.785,-1.153,-0.551,-0.0,1.704,0.785
0.695,-1.144,-0.471,-0.0,1.615,0.695
0.62,-1.144,-0.379,-0.0,1.524,-2.521
0.559,-1.153,-0.278,-0.0,1.432,-2.583
0.507,-1.172,-0.167,-0.0,1.338,-2.634
0.464,-1.199,-0.044,-0.0,1.243,-2.678
0.427,-1.236,0.09,-0.0,1.146,-2.715
0.395,-1.283,0.239,-0.0,1.044,-2.747
0.367,-1.343,0.408,-0.0,0.935,-2.774
0.343,-1.419,0.606,-0.0,0.814,-2.799
0.983,-1.15,-0.536,-0.0,1.687,0.983
0.876,-1.144,-0.471,-0.0,1.615,0.876
0.785,-1.144,-0.393,-0.0,1.537,-2.356
0.709,-1.15,-0.305,-0.0,1.455,-2.433
0.644,-1.164,-0.206,-0.0,1.37,-2.498
0.588,-1.187,-0.096,-0.0,1.282,-2.554
0.54,-1.217,0.026,-0.0,1.192,-2.601
0.499,-1.258,0.161,-0.0,1.097,-2.642
0.464,-1.308,0.312,-0.0,0.996,-2.678
0.432,-1.372,0.486,-0.0,0.886,-2.709
0.405,-1.455,0.694,-0.0,0.761,-2.737
1.052,-1.143,-0.442,-0.0,1.586,1.052
0.951,-1.144,-0.379,-0.0,1.524,-2.191
0.862,-1.15,-0.305,-0.0,1.455,-2.279
0.785,-1.162,-0.219,-0.0,1.381,-2.356
0.719,-1.181,-0.121,-0.0,1.302,-2.423
0.661,-1.207,-0.012,-0.0,1.22,-2.481
0.611,-1.242,0.109,-0.0,1.132,-2.531
0.567,-1.285,0.246,-0.0,1.04,-2.575
0.528,-1.34,0.401,-0.0,0.939,-2.614
0.494,-1.41,0.582,-0.0,0.828,-2.648
0.464,-1.503,0.808,-0.0,0.695,-2.678
1.107,-1.147,-0.338,-0.0,1.486,-2.034
1.012,-1.153,-0.278,-0.0,1.432,-2.129
0.927,-1.164,-0.206,-0.0,1.37,-2.214
0.852,-1.181,-0.121,-0.0,1.302,-2.29
0.785,-1.204,-0.025,-0.0,1.229,-2.356
0.727,-1.234,0.084,-0.0,1.15,-2.415
0.675,-1.272,0.206,-0.0,1.066,-2.467
0.629,-1.32,0.346,-0.0,0.974,-2.513
0.588,-1.381,0.508,-0.0,0.873,-2.554
0.552,-1.459,0.702,-0.0,0.757,-2.59
0.519,-1.569,0.959,-0.0,0.61,-2.622
-1.107,-1.029,-0.4,-0.0,1.428,-1.107
-1.012,-1.038,-0.338,-0.0,1.376,-1.012
-0.927,-1.053,-0.264,-0.0,1.317,-0.927
-0.852,-1.073,-0.179,-0.0,1.252,-0.852
-0.785,-1.1,-0.082,-0.0,1.182,-0.785
-0.727,-1.133,0.026,-0.0,1.107,-0.727
-0.675,-1.174,0.148,-0.0,1.026,-0.675
-0.629,-1.225,0.286,-0.0,0.939,-0.629
-0.588,-1.286,0.443,-0.0,0.843,-0.588
-0.552,-1.363,0.63,-0.0,0.733,-0.552
-0.519,-1.465,0.866,-0.0,0.6,-0.519
-1.052,-1.018,-0.506,-0.0,1.525,-1.052
-0.951,-1.023,-0.442,-0.0,1.465,-0.951
-0.862,-1.034,-0.365,-0.0,1.399,-0.862
-0.785,-1.05,-0.278,-0.0,1.328,-0.785
-0.719,-1.073,-0.179,-0.0,1.252,-0.719
-0.661,-1.104,-0.07,-0.0,1.173,-0.661
-0.611,-1.142,0.052,-0.0,1.09,-0.611
-0.567,-1.188,0.187,-0.0,1.001,-0.567
-0.528,-1.245,0.34,-0.0,0.906,-0.528
-0.494,-1.315,0.516,-0.0,0.8,-0.494
-0.464,-1.405,0.728,-0.0,0.677,-0.464
-0.983,-1.019,-0.604,-0.0,1.623,-0.983
-0.876,-1.017,-0.536,-0.0,1.553,-0.876
-0.785,-1.022,-0.456,-0.0,1.478,-0.785
-0.709,-1.034,-0.365,-0.0,1.399,-0.709
-0.644,-1.053,-0.264,-0.0,1.317,-0.643
-0.588,-1.08,-0.153,-0.0,1.233,-0.588
-0.54,-1.115,-0.031,-0.0,1.146,-0.54
-0.499,-1.159,0.103,-0.0,1.056,-0.499
-0.464,-1.212,0.253,-0.0,0.959,-0.464
-0.432,-1.278,0.422,-0.0,0.855,-0.432
-0.405,-1.36,0.622,-0.0,0.738,-0.405
-0.896,-1.03,-0.692,-0.0,1.722,-0.896
-0.785,-1.02,-0.62,-0.0,1.64,-0.785
-0.695,-1.017,-0.536,-0.0,1.553,-0.695
-0.62,-1.023,-0.442,-0.0,1.465,-0.62
-0.559,-1.038,-0.338,-0.0,1.376,-0.559
-0.507,-1.062,-0.225,-0.0,1.287,-0.507
-0.464,-1.094,-0.102,-0.0,1.196,-0.464
-0.427,-1.135,0.033,-0.0,1.103,-0.427
-0.395,-1.186,0.181,-0.0,1.005,-0.395
-0.367,-1.248,0.346,-0.0,0.901,-0.367
-0.343,-1.324,0.538,-0.0,0.787,-0.343
-0.785,-1.052,-0.77,-0.0,1.822,-0.785
-0.675,-1.03,-0.692,-0.0,1.722,-0.675
-0.588,-1.019,-0.604,-0.0,1.623,-0.588
-0.519,-1.018,-0.506,-0.0,1.525,-0.519
-0.464,-1.029,-0.4,-0.0,1.428,-0.464
-0.418,-1.049,-0.284,-0.0,1.333,-0.418
-0.381,-1.078,-0.16,-0.0,1.238,-0.381
-0.349,-1.117,-0.025,-0.0,1.142,-0.349
-0.322,-1.165,0.123,-0.0,1.043,-0.322
-0.298,-1.225,0.286,-0.0,0.939,-0.298
-0.278,-1.298,0.472,-0.0,0.826,-0.278
-0.644,-1.083,-0.834,-0.0,1.917,-0.644
-0.54,-1.046,-0.752,-0.0,1.798,-0.54
-0.464,-1.024,-0.66,-0.0,1.684,-0.464
-0.405,-1.017,-0.558,-0.0,1.575,-0.405
-0.359,-1.023,-0.449,-0.0,1.471,-0.359
-0.322,-1.04,-0.331,-0.0,1.371,-0.322
-0.291,-1.067,-0.205,-0.0,1.272,-0.291
-0.266,-1.104,-0.07,-0.0,1.173,-0.266
-0.245,-1.15,0.078,-0.0,1.073,-0.245
-0.227,-1.207,0.24,-0.0,0.968,-0.227
-0.211,-1.278,0.422,-0.0,0.855,-0.211
-0.464,-1.117,-0.883,-0.0,2.0,-0.464
-0.381,-1.064,-0.797,-0.0,1.86,-0.381
-0.322,-1.032,-0.701,-0.0,1.733,-0.322
-0.278,-1.018,-0.596,-0.0,1.615,-0.278
-0.245,-1.02,-0.484,-0.0,1.504,-0.245
-0.219,-1.034,-0.365,-0.0,1.399,-0.219
-0.197,-1.059,-0.238,-0.0,1.297,-0.197
-0.18,-1.094,-0.102,-0.0,1.196,-0.18
-0.165,-1.14,0.046,-0.0,1.094,-0.165
-0.153,-1.195,0.207,-0.0,0.989,-0.153
-0.142,-1.264,0.388,-0.0,0.876,-0.142
-0.245,-1.145,-0.914,-0.0,2.058,-0.245
-0.197,-1.078,-0.824,-0.0,1.902,-0.197
-0.165,-1.038,-0.726,-0.0,1.764,-0.165
-0.142,-1.02,-0.62,-0.0,1.64,-0.142
-0.124,-1.018,-0.506,-0.0,1.525,-0.124
-0.111,-1.031,-0.386,-0.0,1.416,-0.111
-0.1,-1.055,-0.258,-0.0,1.312,-0.1
-0.091,-1.089,-0.121,-0.0,1.21,-0.091
-0.083,-1.133,0.026,-0.0,1.107,-0.083
-0.077,-1.188,0.187,-0.0,1.001,-0.077
-0.071,-1.256,0.367,-0.0,0.889,-0.071
0.0,-1.156,-0.924,-0.0,2.08,-0.0
0.0,-1.083,-0.834,-0.0,1.917,-0.0
0.0,-1.041,-0.735,-0.0,1.775,-0.0
0.0,-1.021,-0.628,-0.0,1.648,-0.0
0.0,-1.018,-0.514,-0.0,1.532,0.0
0.0,-1.03,-0.393,-0.0,1.422,0.0
0.0,-1.053,-0.264,-0.0,1.317,0.0
0.0,-1.087,-0.127,-0.0,1.214,0.0
0.0,-1.131,0.02,-0.0,1.111,0.0
0.0,-1.186,0.181,-0.0,1.005,0.0
0.0,-1.253,0.36,-0.0,0.893,0.0
0.245,-1.145,-0.914,-0.0,2.058,0.245
0.197,-1.078,-0.824,-0.0,1.902,0.197
0.165,-1.038,-0.726,-0.0,1.764,0.165
0.142,-1.02,-0.62,-0.0,1.64,0.142
0.124,-1.018,-0.506,-0.0,1.525,-3.017
0.111,-1.031,-0.386,-0.0,1.416,-3.031
0.1,-1.055,-0.258,-0.0,1.312,-3.042
0.091,-1.089,-0.121,-0.0,1.21,-3.051
0.083,-1.133,0.026,-0.0,1.107,-3.058
0.077,-1.188,0.187,-0.0,1.001,-3.065
0.071,-1.256,0.367,-0.0,0.889,-3.07
0.464,-1.117,-0.883,-0.0,2.0,0.464
0.381,-1.064,-0.797,-0.0,1.86,0.381
0.322,-1.032,-0.701,-0.0,1.733,0.322
0.278,-1.018,-0.596,-0.0,1.615,0.278
0.245,-1.02,-0.484,-0.0,1.504,-2.897
0.219,-1.034,-0.365,-0.0,1.399,-2.923
0.197,-1.059,-0.238,-0.0,1.297,-2.944
0.18,-1.094,-0.102,-0.0,1.196,-2.962
0.165,-1.14,0.046,-0.0,1.094,-2.976
0.153,-1.195,0.207,-0.0,0.989,-2.989
0.142,-1.264,0.388,-0.0,0.876,-3.0
0.644,-1.083,-0.834,-0.0,1.917,0.644
0.54,-1.046,-0.752,-0.0,1.798,0.54
0.464,-1.024,-0.66,-0.0,1.684,0.464
0.405,-1.017,-0.558,-0.0,1.575,0.405
0.359,-1.023,-0.449,-0.0,1.471,-2.783
0.322,-1.04,-0.331,-0.0,1.371,-2.82
0.291,-1.067,-0.205,-0.0,1.272,-2.85
0.266,-1.104,-0.07,-0.0,1.173,-2.875
0.245,-1.15,0.078,-0.0,1.073,-2.897
0.227,-1.207,0.24,-0.0,0.968,-2.915
0.211,-1.278,0.422,-0.0,0.855,-2.93
0.785,-1.052,-0.77,-0.0,1.822,0.785
0.675,-1.03,-0.692,-0.0,1.722,0.675
0.588,-1.019,-0.604,-0.0,1.623,0.588
0.519,-1.018,-0.506,-0.0,1.525,-2.622
0.464,-1.029,-0.4,-0.0,1.428,-2.678
0.418,-1.049,-0.284,-0.0,1.333,-2.723
0.381,-1.078,-0.16,-0.0,1.238,-2.761
0.349,-1.117,-0.025,-0.0,1.142,-2.793
0.322,-1.165,0.123,-0.0,1.043,-2.82
0.298,-1.225,0.286,-0.0,0.939,-2.843
0.278,-1.298,0.472,-0.0,0.826,-2.863
0.896,-1.03,-0.692,-0.0,1.722,0.896
0.785,-1.02,-0.62,-0.0,1.64,0.785
0.695,-1.017,-0.536,-0.0,1.553,-2.447
0.62,-1.023,-0.442,-0.0,1.465,-2.521
0.559,-1.038,-0.338,-0.0,1.376,-2.583
0.507,-1.062,-0.225,-0.0,1.287,-2.634
0.464,-1.094,-0.102,-0.0,1.196,-2.678
0.427,-1.135,0.033,-0.0,1.103,-2.715
0.395,-1.186,0.181,-0.0,1.005,-2.747
0.367,-1.248,0.346,-0.0,0.901,-2.774
0.343,-1.324,0.538,-0.0,0.787,-2.799
0.983,-1.019,-0.604,-0.0,1.623,0.983
0.876,-1.017,-0.536,-0.0,1.553,-2.266
0.785,-1.022,-0.456,-0.0,1.478,-2.356
0.709,-1.034,-0.365,-0.0,1.399,-2.433
0.644,-1.053,-0.264,-0.0,1.317,-2.498
0.588,-1.08,-0.153,-0.0,1.233,-2.554
0.54,-1.115,-0.031,-0.0,1.146,-2.601
0.499,-1.159,0.103,-0.0,1.056,-2.642
0.464,-1.212,0.253,-0.0,0.959,-2.678
0.432,-1.278,0.422,-0.0,0.855,-2.709
0.405,-1.36,0.622,-0.0,0.738,-2.737
1.052,-1.018,-0.506,-0.0,1.525,-2.09
0.951,-1.023,-0.442,-0.0,1.465,-2.191
0.862,-1.034,-0.365,-0.0,1.399,-2.279
0.785,-1.05,-0.278,-0.0,1.328,-2.356
0.719,-1.073,-0.179,-0.0,1.252,-2.423
0.661,-1.104,-0.07,-0.0,1.173,-2.481
0.611,-1.142,0.052,-0.0,1.09,-2.531
0.567,-1.188,0.187,-0.0,1.001,-2.575
0.528,-1.245,0.34,-0.0,0.906,-2.614
0.494,-1.315,0.516,-0.0,0.8,-2.648
0.464,-1.405,0.728,-0.0,0.677,-2.678
1.107,-1.029,-0.4,-0.0,1.428,-2.034
1.012,-1.038,-0.338,-0.0,1.376,-2.129
0.927,-1.053,-0.264,-0.0,1.317,-2.214
0.852,-1.073,-0.179,-0.0,1.252,-2.29
0.785,-1.1,-0.082,-0.0,1.182,-2.356
0.727,-1.133,0.026,-0.0,1.107,-2.415
0.675,-1.174,0.148,-0.0,1.026,-2.467
0.629,-1.225,0.286,-0.0,0.939,-2.513
0.588,-1.286,0.443,-0.0,0.843,-2.554
0.552,-1.363,0.63,-0.0,0.733,-2.59
0.519,-1.465,0.866,-0.0,0.6,-2.622
-1.107,-0.909,-0.448,-0.0,1.357,-1.107
-1.012,-0.923,-0.385,-0.0,1.308,-1.012
-0.927,-0.942,-0.31,-0.0,1.252,-0.927
-0.852,-0.967,-0.224,-0.0,1.191,-0.852
-0.785,-0.998,-0.127,-0.0,1.124,-0.785
-0.727,-1.035,-0.018,-0.0,1.053,-0.727
-0.675,-1.08,0.104,-0.0,0.976,-0.675
-0.629,-1.133,0.24,-0.0,0.893,-0.629
-0.588,-1.197,0.395,-0.0,0.802,-0.588
-0.552,-1.274,0.576,-0.0,0.698,-0.552
-0.519,-1.374,0.8,-0.0,0.574,-0.519
-1.052,-0.89,-0.558,-0.0,1.447,-1.052
-0.951,-0.9,-0.491,-0.0,1.391,-0.951
-0.862,-0.916,-0.413,-0.0,1.329,-0.862
-0.785,-0.938,-0.324,-0.0,1.262,-0.785
-0.719,-0.967,-0.224,-0.0,1.191,-0.719
-0.661,-1.002,-0.114,-0.0,1.116,-0.661
-0.611,-1.044,0.008,-0.0,1.037,-0.611
-0.567,-1.095,0.142,-0.0,0.953,-0.567
-0.528,-1.155,0.293,-0.0,0.862,-0.528
-0.494,-1.227,0.465,-0.0,0.761,-0.494
-0.464,-1.316,0.67,-0.0,0.645,-0.464
-0.983,-0.881,-0.659,-0.0,1.54,-0.983
-0.876,-0.886,-0.588,-0.0,1.474,-0.876
-0.785,-0.898,-0.506,-0.0,1.403,-0.785
-0.709,-0.916,-0.413,-0.0,1.329,-0.709
-0.644,-0.942,-0.31,-0.0,1.252,-0.643
-0.588,-0.975,-0.198,-0.0,1.173,-0.588
-0.54,-1.015,-0.075,-0.0,1.09,-0.54
-0.499,-1.063,0.059,-0.0,1.004,-0.499
-0.464,-1.12,0.207,-0.0,0.913,-0.464
-0.432,-1.188,0.374,-0.0,0.814,-0.432
-0.405,-1.271,0.568,-0.0,0.703,-0.405
-0.896,-0.883,-0.751,-0.0,1.634,-0.896
-0.785,-0.88,-0.675,-0.0,1.556,-0.785
-0.695,-0.886,-0.588,-0.0,1.474,-0.695
-0.62,-0.9,-0.491,-0.0,1.391,-0.62
-0.559,-0.923,-0.385,-0.0,1.308,-0.559
-0.507,-0.953,-0.27,-0.0,1.223,-0.507
-0.464,-0.991,-0.146,-0.0,1.137,-0.464
-0.427,-1.038,-0.011,-0.0,1.049,-0.427
-0.395,-1.092,0.136,-0.0,0.956,-0.395
-0.367,-1.158,0.3,-0.0,0.858,-0.367
-0.343,-1.236,0.487,-0.0,0.749,-0.343
-0.785,-0.896,-0.833,-0.0,1.729,-0.785
-0.675,-0.883,-0.751,-0.0,1.634,-0.675
-0.588,-0.881,-0.659,-0.0,1.54,-0.588
-0.519,-0.89,-0.558,-0.0,1.447,-0.519
-0.464,-0.909,-0.448,-0.0,1.357,-0.464
-0.418,-0.936,-0.331,-0.0,1.267,-0.418
-0.381,-0.973,-0.205,-0.0,1.177,-0.381
-0.349,-1.017,-0.069,-0.0,1.086,-0.349
-0.322,-1.07,0.078,-0.0,0.992,-0.322
-0.298,-1.133,0.24,-0.0,0.893,-0.298
-0.278,-1.209,0.423,-0.0,0.786,-0.278
-0.644,-0.919,-0.902,-0.0,1.821,-0.644
-0.54,-0.892,-0.814,-0.0,1.706,-0.54
-0.464,-0.881,-0.717,-0.0,1.598,-0.464
-0.405,-0.884,-0.611,-0.0,1.495,-0.405
-0.359,-0.899,-0.498,-0.0,1.397,-0.359
-0.322,-0.924,-0.378,-0.0,1.303,-0.322
-0.291,-0.959,-0.251,-0.0,1.209,-0.291
-0.266,-1.002,-0.114,-0.0,1.116,-0.266
-0.245,-1.054,0.033,-0.0,1.02,-0.245
-0.227,-1.115,0.194,-0.0,0.921,-0.227
-0.211,-1.188,0.374,-0.0,0.814,-0.211
-0.464,-0.947,-0.956,-0.0,1.903,-0.464
-0.381,-0.904,-0.862,-0.0,1.766,-0.381
-0.322,-0.884,-0.76,-0.0,1.644,-0.322
-0.278,-0.881,-0.651,-0.0,1.532,-0.278
-0.245,-0.893,-0.535,-0.0,1.428,-0.245
-0.219,-0.916,-0.413,-0.0,1.329,-0.219
-0.197,-0.949,-0.284,-0.0,1.233,-0.197
-0.18,-0.991,-0.146,-0.0,1.137,-0.18
-0.165,-1.042,0.001,-0.0,1.041,-0.165
-0.153,-1.102,0.162,-0.0,0.941,-0.153
-0.142,-1.174,0.34,-0.0,0.834,-0.142
-0.245,-0.971,-0.99,-0.0,1.961,-0.245
-0.197,-0.915,-0.892,-0.0,1.807,-0.197
-0.165,-0.887,-0.787,-0.0,1.674,-0.165
-0.142,-0.88,-0.675,-0.0,1.556,-0.142
-0.124,-0.89,-0.558,-0.0,1.447,-0.124
-0.111,-0.912,-0.434,-0.0,1.346,-0.111
-0.1,-0.944,-0.304,-0.0,1.247,-0.1
-0.091,-0.985,-0.166,-0.0,1.151,-0.091
-0.083,-1.035,-0.018,-0.0,1.053,-0.083
-0.077,-1.095,0.142,-0.0,0.953,-0.077
-0.071,-1.166,0.32,-0.0,0.846,-0.071
0.0,-0.981,-1.002,-0.0,1.983,-0.0
0.0,-0.919,-0.902,-0.0,1.821,-0.0
0.0,-0.888,-0.796,-0.0,1.684,-0.0
0.0,-0.88,-0.683,-0.0,1.564,0.0
0.0,-0.889,-0.565,-0.0,1.454,0.0
0.0,-0.91,-0.441,-0.0,1.351,0.0
0.0,-0.942,-0.31,-0.0,1.252,0.0
0.0,-0.983,-0.172,-0.0,1.155,0.0
0.0,-1.033,-0.024,-0.0,1.057,0.0
0.0,-1.092,0.136,-0.0,0.956,0.0
0.0,-1.163,0.313,-0.0,0.85,0.0
0.245,-0.971,-0.99,-0.0,1.961,0.245
0.197,-0.915,-0.892,-0.0,1.807,0.197
0.165,-0.887,-0.787,-0.0,1.674,0.165
0.142,-0.88,-0.675,-0.0,1.556,-3.0
0.124,-0.89,-0.558,-0.0,1.447,-3.017
0.111,-0.912,-0.434,-0.0,1.346,-3.031
0.1,-0.944,-0.304,-0.0,1.247,-3.042
0.091,-0.985,-0.166,-0.0,1.151,-3.051
0.083,-1.035,-0.018,-0.0,1.053,-3.058
0.077,-1.095,0.142,-0.0,0.953,-3.065
0.071,-1.166,0.32,-0.0,0.846,-3.07
0.464,-0.947,-0.956,-0.0,1.903,0.464
0.381,-0.904,-0.862,-0.0,1.766,0.381
0.322,-0.884,-0.76,-0.0,1.644,0.322
0.278,-0.881,-0.651,-0.0,1.532,-2.863
0.245,-0.893,-0.535,-0.0,1.428,-2.897
0.219,-0.916,-0.413,-0.0,1.329,-2.923
0.197,-0.949,-0.284,-0.0,1.233,-2.944
0.18,-0.991,-0.146,-0.0,1.137,-2.962
0.165,-1.042,0.001,-0.0,1.041,-2.976
0.153,-1.102,0.162,-0.0,0.941,-2.989
0.142,-1.174,0.34,-0.0,0.834,-3.0
0.644,-0.919,-0.902,-0.0,1.821,0.644
0.54,-0.892,-0.814,-0.0,1.706,0.54
0.464,-0.881,-0.717,-0.0,1.598,0.464
0.405,-0.884,-0.611,-0.0,1.495,-2.737
0.359,-0.899,-0.498,-0.0,1.397,-2.783
0.322,-0.924,-0.378,-0.0,1.303,-2.82
0.291,-0.959,-0.251,-0.0,1.209,-2.85
0.266,-1.002,-0.114,-0.0,1.116,-2.875
0.245,-1.054,0.033,-0.0,1.02,-2.897
0.227,-1.115,0.194,-0.0,0.921,-2.915
0.211,-1.188,0.374,-0.0,0.814,-2.93
0.785,-0.896,-0.833,-0.0,1.729,0.785
0.675,-0.883,-0.751,-0.0,1.634,0.675
0.588,-0.881,-0.659,-0.0,1.54,-2.554
0.519,-0.89,-0.558,-0.0,1.447,-2.622
0.464,-0.909,-0.448,-0.0,1.357,-2.678
0.418,-0.936,-0.331,-0.0,1.267,-2.723
0.381,-0.973,-0.205,-0.0,1.177,-2.761
0.349,-1.017,-0.069,-0.0,1.086,-2.793
0.322,-1.07,0.078,-0.0,0.992,-2.82
0.298,-1.133,0.24,-0.0,0.893,-2.843
0.278,-1.209,0.423,-0.0,0.786,-2.863
0.896,-0.883,-0.751,-0.0,1.634,0.896
0.785,-0.88,-0.675,-0.0,1.556,-2.356
0.695,-0.886,-0.588,-0.0,1.474,-2.447
0.62,-0.9,-0.491,-0.0,1.391,-2.521
0.559,-0.923,-0.385,-0.0,1.308,-2.583
0.507,-0.953,-0.27,-0.0,1.223,-2.634
0.464,-0.991,-0.146,-0.0,1.137,-2.678
0.427,-1.038,-0.011,-0.0,1.049,-2.715
0.395,-1.092,0.136,-0.0,0.956,-2.747
0.367,-1.158,0.3,-0.0,0.858,-2.774
0.343,-1.236,0.487,-0.0,0.749,-2.799
0.983,-0.881,-0.659,-0.0,1.54,-2.159
0.876,-0.886,-0.588,-0.0,1.474,-2.266
0.785,-0.898,-0.506,-0.0,1.403,-2.356
0.709,-0.916,-0.413,-0.0,1.329,-2.433
0.644,-0.942,-0.31,-0.0,1.252,-2.498
0.588,-0.975,-0.198,-0.0,1.173,-2.554
0.54,-1.015,-0.075,-0.0,1.09,-2.601
0.499,-1.063,0.059,-0.0,1.004,-2.642
0.464,-1.12,0.207,-0.0,0.913,-2.678
0.432,-1.188,0.374,-0.0,0.814,-2.709
0.405,-1.271,0.568,-0.0,0.703,-2.737
1.052,-0.89,-0.558,-0.0,1.447,-2.09
0.951,-0.9,-0.491,-0.0,1.391,-2.191
0.862,-0.916,-0.413,-0.0,1.329,-2.279
0.785,-0.938,-0.324,-0.0,1.262,-2.356
0.719,-0.967,-0.224,-0.0,1.191,-2.423
0.661,-1.002,-0.114,-0.0,1.116,-2.481
0.611,-1.044,0.008,-0.0,1.037,-2.531
0.567,-1.095,0.142,-0.0,0.953,-2.575
0.528,-1.155,0.293,-0.0,0.862,-2.614
0.494,-1.227,0.465,-0.0,0.761,-2.648
0.464,-1.316,0.67,-0.0,0.645,-2.678
1.107,-0.909,-0.448,-0.0,1.357,-2.034
1.012,-0.923,-0.385,-0.0,1.308,-2.129
0.927,-0.942,-0.31,-0.0,1.252,-2.214
0.852,-0.967,-0.224,-0.0,1.191,-2.29
0.785,-0.998,-0.127,-0.0,1.124,-2.356
0.727,-1.035,-0.018,-0.0,1.053,-2.415
0.675,-1.08,0.104,-0.0,0.976,-2.467
0.629,-1.133,0.24,-0.0,0.893,-2.513
0.588,-1.197,0.395,-0.0,0.802,-2.554
0.552,-1.274,0.576,-0.0,0.698,-2.59
0.519,-1.374,0.8,-0.0,0.574,-2.622
-1.107,-0.788,-0.483,-0.0,1.272,-1.107
-1.012,-0.807,-0.419,-0.0,1.227,-1.012
-0.927,-0.832,-0.344,-0.0,1.175,-0.927
-0.852,-0.862,-0.257,-0.0,1.119,-0.852
-0.785,-0.898,-0.159,-0.0,1.057,-0.785
-0.727,-0.94,-0.049,-0.0,0.99,-0.727
-0.675,-0.99,0.072,-0.0,0.917,-0.675
-0.629,-1.047,0.208,-0.0,0.839,-0.629
-0.588,-1.113,0.361,-0.0,0.752,-0.588
-0.552,-1.192,0.539,-0.0,0.654,-0.552
-0.519,-1.292,0.756,-0.0,0.536,-0.519
-1.052,-0.759,-0.595,-0.0,1.354,-1.052
-0.951,-0.776,-0.527,-0.0,1.303,-0.951
-0.862,-0.799,-0.448,-0.0,1.246,-0.862
-0.785,-0.827,-0.357,-0.0,1.185,-0.785
-0.719,-0.862,-0.257,-0.0,1.119,-0.719
-0.661,-0.903,-0.146,-0.0,1.049,-0.661
-0.611,-0.951,-0.024,-0.0,0.974,-0.611
-0.567,-1.006,0.111,-0.0,0.895,-0.567
-0.528,-1.069,0.26,-0.0,0.809,-0.528
-0.494,-1.144,0.43,-0.0,0.713,-0.494
-0.464,-1.234,0.631,-0.0,0.603,-0.464
-0.983,-0.739,-0.699,-0.0,1.438,-0.983
-0.876,-0.752,-0.626,-0.0,1.379,-0.876
-0.785,-0.772,-0.542,-0.0,1.314,-0.785
-0.709,-0.799,-0.448,-0.0,1.246,-0.709
-0.644,-0.832,-0.344,-0.0,1.175,-0.643
-0.588,-0.871,-0.23,-0.0,1.102,-0.588
-0.54,-0.918,-0.107,-0.0,1.025,-0.54
-0.499,-0.971,0.027,-0.0,0.944,-0.499
-0.464,-1.033,0.175,-0.0,0.857,-0.464
-0.432,-1.104,0.341,-0.0,0.763,-0.432
-0.405,-1.189,0.531,-0.0,0.658,-0.405
-0.896,-0.727,-0.795,-0.0,1.523,-0.896
-0.785,-0.736,-0.716,-0.0,1.452,-0.785
-0.695,-0.752,-0.626,-0.0,1.379,-0.695
-0.62,-0.776,-0.527,-0.0,1.303,-0.62
-0.559,-0.807,-0.419,-0.0,1.227,-0.559
-0.507,-0.846,-0.303,-0.0,1.149,-0.507
-0.464,-0.891,-0.178,-0.0,1.069,-0.464
-0.427,-0.943,-0.043,-0.0,0.986,-0.427
-0.395,-1.003,0.104,-0.0,0.899,-0.395
-0.367,-1.072,0.267,-0.0,0.805,-0.367
-0.343,-1.153,0.452,-0.0,0.702,-0.343
-0.785,-0.727,-0.881,-0.0,1.608,-0.785
-0.675,-0.727,-0.795,-0.0,1.523,-0.675
-0.588,-0.739,-0.699,-0.0,1.438,-0.588
-0.519,-0.759,-0.595,-0.0,1.354,-0.519
-0.464,-0.788,-0.483,-0.0,1.272,-0.464
-0.418,-0.825,-0.364,-0.0,1.189,-0.418
-0.381,-0.869,-0.237,-0.0,1.106,-0.381
-0.349,-0.92,-0.101,-0.0,1.021,-0.349
-0.322,-0.979,0.047,-0.0,0.932,-0.322
-0.298,-1.047,0.208,-0.0,0.839,-0.298
-0.278,-1.125,0.389,-0.0,0.737,-0.278
-0.644,-0.736,-0.955,-0.0,1.691,-0.644
-0.54,-0.726,-0.861,-0.0,1.587,-0.54
-0.464,-0.731,-0.759,-0.0,1.49,-0.464
-0.405,-0.747,-0.65,-0.0,1.397,-0.405
-0.359,-0.774,-0.535,-0.0,1.309,-0.359
-0.322,-0.81,-0.412,-0.0,1.222,-0.322
-0.291,-0.853,-0.283,-0.0,1.136,-0.291
-0.266,-0.903,-0.146,-0.0,1.049,-0.266
-0.245,-0.961,0.002,-0.0,0.959,-0.245
-0.227,-1.027,0.162,-0.0,0.865,-0.227
-0.211,-1.104,0.341,-0.0,0.763,-0.211
-0.464,-0.753,-1.013,-0.0,1.765,-0.464
-0.381,-0.729,-0.912,-0.0,1.641,-0.381
-0.322,-0.727,-0.804,-0.0,1.531,-0.322
-0.278,-0.74,-0.691,-0.0,1.431,-0.278
-0.245,-0.765,-0.572,-0.0,1.337,-0.245
-0.219,-0.799,-0.448,-0.0,1.246,-0.219
-0.197,-0.841,-0.317,-0.0,1.158,-0.197
-0.18,-0.891,-0.178,-0.0,1.069,-0.18
-0.165,-0.948,-0.03,-0.0,0.978,-0.165
-0.153,-1.014,0.13,-0.0,0.884,-0.153
-0.142,-1.089,0.307,-0.0,0.782,-0.142
-0.245,-0.769,-1.05,-0.0,1.819,-0.245
-0.197,-0.734,-0.944,-0.0,1.678,-0.197
-0.165,-0.726,-0.832,-0.0,1.558,-0.165
-0.142,-0.736,-0.716,-0.0,1.452,-0.142
-0.124,-0.759,-0.595,-0.0,1.354,-0.124
-0.111,-0.792,-0.469,-0.0,1.261,-0.111
-0.1,-0.834,-0.337,-0.0,1.171,-0.1
-0.091,-0.883,-0.198,-0.0,1.081,-0.091
-0.083,-0.94,-0.049,-0.0,0.99,-0.083
-0.077,-1.006,0.111,-0.0,0.895,-0.077
-0.071,-1.081,0.287,-0.0,0.794,-0.071
0.0,-0.777,-1.063,-0.0,1.839,-0.0
0.0,-0.736,-0.955,-0.0,1.691,-0.0
0.0,-0.726,-0.842,-0.0,1.568,0.0
0.0,-0.735,-0.725,-0.0,1.459,0.0
0.0,-0.757,-0.603,-0.0,1.36,0.0
0.0,-0.79,-0.476,-0.0,1.266,0.0
0.0,-0.832,-0.344,-0.0,1.175,0.0
0.0,-0.881,-0.204,-0.0,1.085,0.0
0.0,-0.938,-0.056,-0.0,0.994,0.0
0.0,-1.003,0.104,-0.0,0.899,0.0
0.0,-1.078,0.28,-0.0,0.797,0.0
0.245,-0.769,-1.05,-0.0,1.819,0.245
0.197,-0.734,-0.944,-0.0,1.678,0.197
0.165,-0.726,-0.832,-0.0,1.558,-2.976
0.142,-0.736,-0.716,-0.0,1.452,-3.0
0.124,-0.759,-0.595,-0.0,1.354,-3.017
0.111,-0.792,-0.469,-0.0,1.261,-3.031
0.1,-0.834,-0.337,-0.0,1.171,-3.042
0.091,-0.883,-0.198,-0.0,1.081,-3.051
0.083,-0.94,-0.049,-0.0,0.99,-3.058
0.077,-1.006,0.111,-0.0,0.895,-3.065
0.071,-1.081,0.287,-0.0,0.794,-3.07
0.464,-0.753,-1.013,-0.0,1.765,0.464
0.381,-0.729,-0.912,-0.0,1.641,0.381
0.322,-0.727,-0.804,-0.0,1.531,-2.82
0.278,-0.74,-0.691,-0.0,1.431,-2.863
0.245,-0.765,-0.572,-0.0,1.337,-2.897
0.219,-0.799,-0.448,-0.0,1.246,-2.923
0.197,-0.841,-0.317,-0.0,1.158,-2.944
0.18,-0.891,-0.178,-0.0,1.069,-2.962
0.165,-0.948,-0.03,-0.0,0.978,-2.976
0.153,-1.014,0.13,-0.0,0.884,-2.989
0.142,-1.089,0.307,-0.0,0.782,-3.0
0.644,-0.736,-0.955,-0.0,1.691,0.644
0.54,-0.726,-0.861,-0.0,1.587,0.54
0.464,-0.731,-0.759,-0.0,1.49,-2.678
0.405,-0.747,-0.65,-0.0,1.397,-2.737
0.359,-0.774,-0.535,-0.0,1.309,-2.783
0.322,-0.81,-0.412,-0.0,1.222,-2.82
0.291,-0.853,-0.283,-0.0,1.136,-2.85
0.266,-0.903,-0.146,-0.0,1.049,-2.875
0.245,-0.961,0.002,-0.0,0.959,-2.897
0.227,-1.027,0.162,-0.0,0.865,-2.915
0.211,-1.104,0.341,-0.0,0.763,-2.93
0.785,-0.727,-0.881,-0.0,1.608,0.785
0.675,-0.727,-0.795,-0.0,1.523,-2.467
0.588,-0.739,-0.699,-0.0,1.438,-2.554
0.519,-0.759,-0.595,-0.0,1.354,-2.622
0.464,-0.788,-0.483,-0.0,1.272,-2.678
0.418,-0.825,-0.364,-0.0,1.189,-2.723
0.381,-0.869,-0.237,-0.0,1.106,-2.761
0.349,-0.92,-0.101,-0.0,1.021,-2.793
0.322,-0.979,0.047,-0.0,0.932,-2.82
0.298,-1.047,0.208,-0.0,0.839,-2.843
0.278,-1.125,0.389,-0.0,0.737,-2.863
0.896,-0.727,-0.795,-0.0,1.523,-2.246
0.785,-0.736,-0.716,-0.0,1.452,-2.356
0.695,-0.752,-0.626,-0.0,1.379,-2.447
0.62,-0.776,-0.527,-0.0,1.303,-2.521
0.559,-0.807,-0.419,-0.0,1.227,-2.583
0.507,-0.846,-0.303,-0.0,1.149,-2.634
0.464,-0.891,-0.178,-0.0,1.069,-2.678
0.427,-0.943,-0.043,-0.0,0.986,-2.715
0.395,-1.003,0.104,-0.0,0.899,-2.747
0.367,-1.072,0.267,-0.0,0.805,-2.774
0.343,-1.153,0.452,-0.0,0.702,-2.799
0.983,-0.739,-0.699,-0.0,1.438,-2.159
0.876,-0.752,-0.626,-0.0,1.379,-2.266
0.785,-0.772,-0.542,-0.0,1.314,-2.356
0.709,-0.799,-0.448,-0.0,1.246,-2.433
0.644,-0.832,-0.344,-0.0,1.175,-2.498
0.588,-0.871,-0.23,-0.0,1.102,-2.554
0.54,-0.918,-0.107,-0.0,1.025,-2.601
0.499,-0.971,0.027,-0.0,0.944,-2.642
0.464,-1.033,0.175,-0.0,0.857,-2.678
0.432,-1.104,0.341,-0.0,0.763,-2.709
0.405,-1.189,0.531,-0.0,0.658,-2.737
1.052,-0.759,-0.595,-0.0,1.354,-2.09
0.951,-0.776,-0.527,-0.0,1.303,-2.191
0.862,-0.799,-0.448,-0.0,1.246,-2.279
0.785,-0.827,-0.357,-0.0,1.185,-2.356
0.719,-0.862,-0.257,-0.0,1.119,-2.423
0.661,-0.903,-0.146,-0.0,1.049,-2.481
0.611,-0.951,-0.024,-0.0,0.974,-2.531
0.567,-1.006,0.111,-0.0,0.895,-2.575
0.528,-1.069,0.26,-0.0,0.809,-2.614
0.494,-1.144,0.43,-0.0,0.713,-2.648
0.464,-1.234,0.631,-0.0,0.603,-2.678
1.107,-0.788,-0.483,-0.0,1.272,-2.034
1.012,-0.807,-0.419,-0.0,1.227,-2.129
0.927,-0.832,-0.344,-0.0,1.175,-2.214
0.852,-0.862,-0.257,-0.0,1.119,-2.29
0.785,-0.898,-0.159,-0.0,1.057,-2.356
0.727,-0.94,-0.049,-0.0,0.99,-2.415
0.675,-0.99,0.072,-0.0,0.917,-2.467
0.629,-1.047,0.208,-0.0,0.839,-2.513
0.588,-1.113,0.361,-0.0,0.752,-2.554
0.552,-1.192,0.539,-0.0,0.654,-2.59
0.519,-1.292,0.756,-0.0,0.536,-2.622
-1.107,-0.67,-0.505,-0.0,1.174,-1.107
-1.012,-0.694,-0.44,-0.0,1.134,-1.012
-0.927,-0.725,-0.364,-0.0,1.088,-0.927
-0.852,-0.761,-0.276,-0.0,1.036,-0.852
-0.785,-0.802,-0.178,-0.0,0.98,-0.785
-0.727,-0.85,-0.068,-0.0,0.918,-0.727
-0.675,-0.903,0.054,-0.0,0.85,-0.675
-0.629,-0.965,0.189,-0.0,0.776,-0.629
-0.588,-1.035,0.341,-0.0,0.693,-0.588
-0.552,-1.117,0.517,-0.0,0.6,-0.552
-0.519,-1.218,0.73,-0.0,0.487,-0.519
-1.052,-0.629,-0.618,-0.0,1.247,-1.052
-0.951,-0.653,-0.549,-0.0,1.202,-0.951
-0.862,-0.683,-0.468,-0.0,1.152,-0.862
-0.785,-0.719,-0.377,-0.0,1.096,-0.785
-0.719,-0.761,-0.276,-0.0,1.036,-0.719
-0.661,-0.808,-0.165,-0.0,0.972,-0.661
-0.611,-0.861,-0.042,-0.0,0.903,-0.611
-0.567,-0.921,0.092,-0.0,0.829,-0.567
-0.528,-0.989,0.241,-0.0,0.747,-0.528
-0.494,-1.067,0.41,-0.0,0.657,-0.494
-0.464,-1.16,0.608,-0.0,0.552,-0.464
-0.983,-0.594,-0.724,-0.0,1.318,-0.983
-0.876,-0.618,-0.65,-0.0,1.268,-0.876
-0.785,-0.648,-0.564,-0.0,1.212,-0.785
-0.709,-0.683,-0.468,-0.0,1.152,-0.709
-0.644,-0.725,-0.364,-0.0,1.088,-0.643
-0.588,-0.772,-0.249,-0.0,1.021,-0.588
-0.54,-0.824,-0.126,-0.0,0.95,-0.54
-0.499,-0.884,0.009,-0.0,0.875,-0.499
-0.464,-0.95,0.156,-0.0,0.794,-0.464
-0.432,-1.025,0.321,-0.0,0.704,-0.432
-0.405,-1.114,0.51,-0.0,0.604,-0.405
-0.896,-0.567,-0.822,-0.0,1.39,-0.896
-0.785,-0.589,-0.741,-0.0,1.33,-0.785
-0.695,-0.618,-0.65,-0.0,1.268,-0.695
-0.62,-0.653,-0.549,-0.0,1.202,-0.62
-0.559,-0.694,-0.44,-0.0,1.134,-0.559
-0.507,-0.741,-0.323,-0.0,1.064,-0.507
-0.464,-0.794,-0.197,-0.0,0.991,-0.464
-0.427,-0.852,-0.062,-0.0,0.914,-0.427
-0.395,-0.918,0.086,-0.0,0.832,-0.395
-0.367,-0.992,0.248,-0.0,0.744,-0.367
-0.343,-1.077,0.431,-0.0,0.646,-0.343
-0.785,-0.549,-0.911,-0.0,1.46,-0.785
-0.675,-0.567,-0.822,-0.0,1.39,-0.675
-0.588,-0.594,-0.724,-0.0,1.318,-0.588
-0.519,-0.629,-0.618,-0.0,1.247,-0.519
-0.464,-0.67,-0.505,-0.0,1.174,-0.464
-0.418,-0.716,-0.384,-0.0,1.1,-0.418
-0.381,-0.769,-0.256,-0.0,1.025,-0.381
-0.349,-0.827,-0.119,-0.0,0.947,-0.349
-0.322,-0.892,0.028,-0.0,0.864,-0.322
-0.298,-0.965,0.189,-0.0,0.776,-0.298
-0.278,-1.047,0.369,-0.0,0.679,-0.278
-0.644,-0.539,-0.988,-0.0,1.527,-0.643
-0.54,-0.552,-0.891,-0.0,1.443,-0.54
-0.464,-0.577,-0.785,-0.0,1.362,-0.464
-0.405,-0.61,-0.674,-0.0,1.284,-0.405
-0.359,-0.65,-0.556,-0.0,1.207,-0.359
-0.322,-0.697,-0.433,-0.0,1.13,-0.322
-0.291,-0.749,-0.303,-0.0,1.052,-0.291
-0.266,-0.808,-0.165,-0.0,0.972,-0.266
-0.245,-0.872,-0.017,-0.0,0.889,-0.245
-0.227,-0.944,0.143,-0.0,0.801,-0.227
-0.211,-1.025,0.321,-0.0,0.704,-0.211
-0.464,-0.537,-1.049,-0.0,1.586,-0.464
-0.381,-0.544,-0.943,-0.0,1.487,-0.381
-0.322,-0.565,-0.832,-0.0,1.397,-0.322
-0.278,-0.597,-0.715,-0.0,1.312,-0.278
-0.245,-0.637,-0.594,-0.0,1.231,-0.245
-0.219,-0.683,-0.468,-0.0,1.152,-0.219
-0.197,-0.736,-0.336,-0.0,1.072,-0.197
-0.18,-0.794,-0.197,-0.0,0.991,-0.18
-0.165,-0.858,-0.049,-0.0,0.907,-0.165
-0.153,-0.929,0.111,-0.0,0.818,-0.153
-0.142,-1.01,0.288,-0.0,0.722,-0.142
-0.245,-0.54,-1.089,-0.0,1.629,-0.245
-0.197,-0.54,-0.976,-0.0,1.517,-0.197
-0.165,-0.559,-0.861,-0.0,1.419,-0.165
-0.142,-0.589,-0.741,-0.0,1.33,-0.142
-0.124,-0.629,-0.618,-0.0,1.247,-0.124
-0.111,-0.675,-0.49,-0.0,1.165,-0.111
-0.1,-0.727,-0.357,-0.0,1.084,-0.1
-0.091,-0.785,-0.217,-0.0,1.002,-0.091
-0.083,-0.85,-0.068,-0.0,0.918,-0.083
-0.077,-0.921,0.092,-0.0,0.829,-0.077
-0.071,-1.001,0.268,-0.0,0.733,-0.071
0.0,-0.542,-1.103,-0.0,1.645,-0.0
0.0,-0.539,-0.988,-0.0,1.527,0.0
0.0,-0.556,-0.87,-0.0,1.427,0.0
0.0,-0.587,-0.75,-0.0,1.337,0.0
0.0,-0.626,-0.626,-0.0,1.252,0.0
0.0,-0.672,-0.497,-0.0,1.17,0.0
0.0,-0.725,-0.364,-0.0,1.088,0.0
0.0,-0.783,-0.223,-0.0,1.006,0.0
0.0,-0.847,-0.074,-0.0,0.921,0.0
0.0,-0.918,0.086,-0.0,0.832,0.0
0.0,-0.998,0.261,-0.0,0.737,0.0
0.245,-0.54,-1.089,-0.0,1.629,0.245
0.197,-0.54,-0.976,-0.0,1.517,-2.944
0.165,-0.559,-0.861,-0.0,1.419,-2.976
0.142,-0.589,-0.741,-0.0,1.33,-3.0
0.124,-0.629,-0.618,-0.0,1.247,-3.017
0.111,-0.675,-0.49,-0.0,1.165,-3.031
0.1,-0.727,-0.357,-0.0,1.084,-3.042
0.091,-0.785,-0.217,-0.0,1.002,-3.051
0.083,-0.85,-0.068,-0.0,0.918,-3.058
0.077,-0.921,0.092,-0.0,0.829,-3.065
0.071,-1.001,0.268,-0.0,0.733,-3.07
0.464,-0.537,-1.049,-0.0,1.586,0.464
0.381,-0.544,-0.943,-0.0,1.487,-2.761
0.322,-0.565,-0.832,-0.0,1.397,-2.82
0.278,-0.597,-0.715,-0.0,1.312,-2.863
0.245,-0.637,-0.594,-0.0,1.231,-2.897
0.219,-0.683,-0.468,-0.0,1.152,-2.923
0.197,-0.736,-0.336,-0.0,1.072,-2.944
0.18,-0.794,-0.197,-0.0,0.991,-2.962
0.165,-0.858,-0.049,-0.0,0.907,-2.976
0.153,-0.929,0.111,-0.0,0.818,-2.989
0.142,-1.01,0.288,-0.0,0.722,-3.0
0.644,-0.539,-0.988,-0.0,1.527,-2.498
0.54,-0.552,-0.891,-0.0,1.443,-2.601
0.464,-0.577,-0.785,-0.0,1.362,-2.678
0.405,-0.61,-0.674,-0.0,1.284,-2.737
0.359,-0.65,-0.556,-0.0,1.207,-2.783
0.322,-0.697,-0.433,-0.0,1.13,-2.82
0.291,-0.749,-0.303,-0.0,1.052,-2.85
0.266,-0.808,-0.165,-0.0,0.972,-2.875
0.245,-0.872,-0.017,-0.0,0.889,-2.897
0.227,-0.944,0.143,-0.0,0.801,-2.915
0.211,-1.025,0.321,-0.0,0.704,-2.93
0.785,-0.549,-0.911,-0.0,1.46,-2.356
0.675,-0.567,-0.822,-0.0,1.39,-2.467
0.588,-0.594,-0.724,-0.0,1.318,-2.554
0.519,-0.629,-0.618,-0.0,1.247,-2.622
0.464,-0.67,-0.505,-0.0,1.174,-2.678
0.418,-0.716,-0.384,-0.0,1.1,-2.723
0.381,-0.769,-0.256,-0.0,1.025,-2.761
0.349,-0.827,-0.119,-0.0,0.947,-2.793
0.322,-0.892,0.028,-0.0,0.864,-2.82
0.298,-0.965,0.189,-0.0,0.776,-2.843
0.278,-1.047,0.369,-0.0,0.679,-2.863
0.896,-0.567,-0.822,-0.0,1.39,-2.246
0.785,-0.589,-0.741,-0.0,1.33,-2.356
0.695,-0.618,-0.65,-0.0,1.268,-2.447
0.62,-0.653,-0.549,-0.0,1.202,-2.521
0.559,-0.694,-0.44,-0.0,1.134,-2.583
0.507,-0.741,-0.323,-0.0,1.064,-2.634
0.464,-0.794,-0.197,-0.0,0.991,-2.678
0.427,-0.852,-0.062,-0.0,0.914,-2.715
0.395,-0.918,0.086,-0.0,0.832,-2.747
0.367,-0.992,0.248,-0.0,0.744,-2.774
0.343,-1.077,0.431,-0.0,0.646,-2.799
0.983,-0.594,-0.724,-0.0,1.318,-2.159
0.876,-0.618,-0.65,-0.0,1.268,-2.266
0.785,-0.648,-0.564,-0.0,1.212,-2.356
0.709,-0.683,-0.468,-0.0,1.152,-2.433
0.644,-0.725,-0.364,-0.0,1.088,-2.498
0.588,-0.772,-0.249,-0.0,1.021,-2.554
0.54,-0.824,-0.126,-0.0,0.95,-2.601
0.499,-0.884,0.009,-0.0,0.875,-2.642
0.464,-0.95,0.156,-0.0,0.794,-2.678
0.432,-1.025,0.321,-0.0,0.704,-2.709
0.405,-1.114,0.51,-0.0,0.604,-2.737
1.052,-0.629,-0.618,-0.0,1.247,-2.09
0.951,-0.653,-0.549,-0.0,1.202,-2.191
0.862,-0.683,-0.468,-0.0,1.152,-2.279
0.785,-0.719,-0.377,-0.0,1.096,-2.356
0.719,-0.761,-0.276,-0.0,1.036,-2.423
0.661,-0.808,-0.165,-0.0,0.972,-2.481
0.611,-0.861,-0.042,-0.0,0.903,-2.531
0.567,-0.921,0.092,-0.0,0.829,-2.575
0.528,-0.989,0.241,-0.0,0.747,-2.614
0.494,-1.067,0.41,-0.0,0.657,-2.648
0.464,-1.16,0.608,-0.0,0.552,-2.678
1.107,-0.67,-0.505,-0.0,1.174,-2.034
1.012,-0.694,-0.44,-0.0,1.134,-2.129
0.927,-0.725,-0.364,-0.0,1.088,-2.214
0.852,-0.761,-0.276,-0.0,1.036,-2.29
0.785,-0.802,-0.178,-0.0,0.98,-2.356
0.727,-0.85,-0.068,-0.0,0.918,-2.415
0.675,-0.903,0.054,-0.0,0.85,-2.467
0.629,-0.965,0.189,-0.0,0.776,-2.513
0.588,-1.035,0.341,-0.0,0.693,-2.554
0.552,-1.117,0.517,-0.0,0.6,-2.59
0.519,-1.218,0.73,-0.0,0.487,-2.622
-1.107,-0.555,-0.511,-0.0,1.066,-1.107
-1.012,-0.586,-0.446,-0.0,1.032,-1.012
-0.927,-0.622,-0.37,-0.0,0.992,-0.927
-0.852,-0.664,-0.282,-0.0,0.946,-0.852
-0.785,-0.711,-0.184,-0.0,0.895,-0.785
-0.727,-0.764,-0.074,-0.0,0.838,-0.727
-0.675,-0.823,0.048,-0.0,0.775,-0.675
-0.629,-0.888,0.183,-0.0,0.706,-0.629
-0.588,-0.963,0.335,-0.0,0.627,-0.588
-0.552,-1.048,0.511,-0.0,0.538,-0.552
-0.519,-1.152,0.722,-0.0,0.43,-0.519
-1.052,-0.502,-0.625,-0.0,1.127,-1.052
-0.951,-0.534,-0.556,-0.0,1.09,-0.951
-0.862,-0.572,-0.475,-0.0,1.047,-0.862
-0.785,-0.615,-0.384,-0.0,0.999,-0.785
-0.719,-0.664,-0.282,-0.0,0.946,-0.719
-0.661,-0.717,-0.171,-0.0,0.888,-0.661
-0.611,-0.776,-0.048,-0.0,0.825,-0.611
-0.567,-0.841,0.086,-0.0,0.755,-0.567
-0.528,-0.914,0.235,-0.0,0.679,-0.528
-0.494,-0.996,0.404,-0.0,0.592,-0.494
-0.464,-1.092,0.601,-0.0,0.492,-0.464
-0.983,-0.453,-0.732,-0.0,1.185,-0.983
-0.876,-0.487,-0.657,-0.0,1.144,-0.876
-0.785,-0.527,-0.571,-0.0,1.098,-0.785
-0.709,-0.572,-0.475,-0.0,1.047,-0.709
-0.644,-0.622,-0.37,-0.0,0.992,-0.643
-0.588,-0.676,-0.256,-0.0,0.932,-0.588
-0.54,-0.736,-0.132,-0.0,0.868,-0.54
-0.499,-0.801,0.003,-0.0,0.798,-0.499
-0.464,-0.873,0.15,-0.0,0.722,-0.464
-0.432,-0.953,0.315,-0.0,0.638,-0.432
-0.405,-1.045,0.503,-0.0,0.541,-0.405
-0.896,-0.409,-0.831,-0.0,1.239,-0.896
-0.785,-0.445,-0.749,-0.0,1.194,-0.785
-0.695,-0.487,-0.657,-0.0,1.144,-0.695
-0.62,-0.534,-0.556,-0.0,1.09,-0.62
-0.559,-0.586,-0.446,-0.0,1.032,-0.559
-0.507,-0.641,-0.329,-0.0,0.97,-0.507
-0.464,-0.702,-0.203,-0.0,0.905,-0.464
-0.427,-0.767,-0.067,-0.0,0.834,-0.427
-0.395,-0.838,0.08,-0.0,0.759,-0.395
-0.367,-0.917,0.242,-0.0,0.675,-0.367
-0.343,-1.006,0.425,-0.0,0.582,-0.343
-0.785,-0.37,-0.921,-0.0,1.29,-0.785
-0.675,-0.409,-0.831,-0.0,1.239,-0.675
-0.588,-0.453,-0.732,-0.0,1.185,-0.588
-0.519,-0.502,-0.625,-0.0,1.127,-0.519
-0.464,-0.555,-0.511,-0.0,1.066,-0.464
-0.418,-0.612,-0.39,-0.0,1.003,-0.418
-0.381,-0.673,-0.262,-0.0,0.935,-0.381
-0.349,-0.739,-0.125,-0.0,0.864,-0.349
-0.322,-0.81,0.022,-0.0,0.788,-0.322
-0.298,-0.888,0.183,-0.0,0.706,-0.298
-0.278,-0.976,0.362,-0.0,0.614,-0.278
-0.644,-0.337,-0.999,-0.0,1.336,-0.643
-0.54,-0.378,-0.9,-0.0,1.278,-0.54
-0.464,-0.425,-0.794,-0.0,1.219,-0.464
-0.405,-0.476,-0.681,-0.0,1.157,-0.405
-0.359,-0.531,-0.563,-0.0,1.094,-0.359
-0.322,-0.589,-0.439,-0.0,1.028,-0.322
-0.291,-0.651,-0.309,-0.0,0.96,-0.291
-0.266,-0.717,-0.171,-0.0,0.888,-0.266
-0.245,-0.789,-0.023,-0.0,0.811,-0.245
-0.227,-0.866,0.138,-0.0,0.729,-0.227
-0.211,-0.953,0.315,-0.0,0.638,-0.211
-0.464,-0.313,-1.061,-0.0,1.374,-0.464
-0.381,-0.356,-0.953,-0.0,1.309,-0.381
-0.322,-0.404,-0.84,-0.0,1.245,-0.322
-0.278,-0.457,-0.723,-0.0,1.18,-0.278
-0.245,-0.513,-0.602,-0.0,1.114,-0.245
-0.219,-0.572,-0.475,-0.0,1.047,-0.219
-0.197,-0.635,-0.343,-0.0,0.977,-0.197
-0.18,-0.702,-0.203,-0.0,0.905,-0.18
-0.165,-0.773,-0.055,-0.0,0.828,-0.165
-0.153,-0.851,0.105,-0.0,0.745,-0.153
-0.142,-0.936,0.281,-0.0,0.655,-0.142
-0.245,-0.298,-1.102,-0.0,1.399,-0.245
-0.197,-0.342,-0.987,-0.0,1.329,-0.197
-0.165,-0.392,-0.87,-0.0,1.261,-0.165
-0.142,-0.445,-0.749,-0.0,1.194,-0.142
-0.124,-0.502,-0.625,-0.0,1.127,-0.124
-0.111,-0.562,-0.497,-0.0,1.059,-0.111
-0.1,-0.625,-0.363,-0.0,0.988,-0.1
-0.091,-0.692,-0.223,-0.0,0.915,-0.091
-0.083,-0.764,-0.074,-0.0,0.838,-0.083
-0.077,-0.841,0.086,-0.0,0.755,-0.077
-0.071,-0.927,0.262,-0.0,0.665,-0.071
0.0,-0.293,-1.116,-0.0,1.408,0.0
0.0,-0.337,-0.999,-0.0,1.336,0.0
0.0,-0.387,-0.88,-0.0,1.267,0.0
0.0,-0.441,-0.758,-0.0,1.199,0.0
0.0,-0.498,-0.633,-0.0,1.131,0.0
0.0,-0.558,-0.504,-0.0,1.062,0.0
0.0,-0.622,-0.37,-0.0,0.992,0.0
0.0,-0.689,-0.229,-0.0,0.918,0.0
0.0,-0.761,-0.08,-0.0,0.841,0.0
0.0,-0.838,0.08,-0.0,0.759,0.0
0.0,-0.923,0.255,-0.0,0.669,0.0
0.245,-0.298,-1.102,-0.0,1.399,-2.897
0.197,-0.342,-0.987,-0.0,1.329,-2.944
0.165,-0.392,-0.87,-0.0,1.261,-2.976
0.142,-0.445,-0.749,-0.0,1.194,-3.0
0.124,-0.502,-0.625,-0.0,1.127,-3.017
0.111,-0.562,-0.497,-0.0,1.059,-3.031
0.1,-0.625,-0.363,-0.0,0.988,-3.042
0.091,-0.692,-0.223,-0.0,0.915,-3.051
0.083,-0.764,-0.074,-0.0,0.838,-3.058
0.077,-0.841,0.086,-0.0,0.755,-3.065
0.071,-0.927,0.262,-0.0,0.665,-3.07
0.464,-0.313,-1.061,-0.0,1.374,-2.678
0.381,-0.356,-0.953,-0.0,1.309,-2.761
0.322,-0.404,-0.84,-0.0,1.245,-2.82
0.278,-0.457,-0.723,-0.0,1.18,-2.863
0.245,-0.513,-0.602,-0.0,1.114,-2.897
0.219,-0.572,-0.475,-0.0,1.047,-2.923
0.197,-0.635,-0.343,-0.0,0.977,-2.944
0.18,-0.702,-0.203,-0.0,0.905,-2.962
0.165,-0.773,-0.055,-0.0,0.828,-2.976
0.153,-0.851,0.105,-0.0,0.745,-2.989
0.142,-0.936,0.281,-0.0,0.655,-3.0
0.644,-0.337,-0.999,-0.0,1.336,-2.498
0.54,-0.378,-0.9,-0.0,1.278,-2.601
0.464,-0.425,-0.794,-0.0,1.219,-2.678
0.405,-0.476,-0.681,-0.0,1.157,-2.737
0.359,-0.531,-0.563,-0.0,1.094,-2.783
0.322,-0.589,-0.439,-0.0,1.028,-2.82
0.291,-0.651,-0.309,-0.0,0.96,-2.85
0.266,-0.717,-0.171,-0.0,0.888,-2.875
0.245,-0.789,-0.023,-0.0,0.811,-2.897
0.227,-0.866,0.138,-0.0,0.729,-2.915
0.211,-0.953,0.315,-0.0,0.638,-2.93
0.785,-0.37,-0.921,-0.0,1.29,-2.356
0.675,-0.409,-0.831,-0.0,1.239,-2.467
0.588,-0.453,-0.732,-0.0,1.185,-2.554
0.519,-0.502,-0.625,-0.0,1.127,-2.622
0.464,-0.555,-0.511,-0.0,1.066,-2.678
0.418,-0.612,-0.39,-0.0,1.003,-2.723
0.381,-0.673,-0.262,-0.0,0.935,-2.761
0.349,-0.739,-0.125,-0.0,0.864,-2.793
0.322,-0.81,0.022,-0.0,0.788,-2.82
0.298,-0.888,0.183,-0.0,0.706,-2.843
0.278,-0.976,0.362,-0.0,0.614,-2.863
0.896,-0.409,-0.831,-0.0,1.239,-2.246
0.785,-0.445,-0.749,-0.0,1.194,-2.356
0.695,-0.487,-0.657,-0.0,1.144,-2.447
0.62,-0.534,-0.556,-0.0,1.09,-2.521
0.559,-0.586,-0.446,-0.0,1.032,-2.583
0.507,-0.641,-0.329,-0.0,0.97,-2.634
0.464,-0.702,-0.203,-0.0,0.905,-2.678
0.427,-0.767,-0.067,-0.0,0.834,-2.715
0.395,-0.838,0.08,-0.0,0.759,-2.747
0.367,-0.917,0.242,-0.0,0.675,-2.774
0.343,-1.006,0.425,-0.0,0.582,-2.799
0.983,-0.453,-0.732,-0.0,1.185,-2.159
0.876,-0.487,-0.657,-0.0,1.144,-2.266
0.785,-0.527,-0.571,-0.0,1.098,-2.356
0.709,-0.572,-0.475,-0.0,1.047,-2.433
0.644,-0.622,-0.37,-0.0,0.992,-2.498
0.588,-0.676,-0.256,-0.0,0.932,-2.554
0.54,-0.736,-0.132,-0.0,0.868,-2.601
0.499,-0.801,0.003,-0.0,0.798,-2.642
0.464,-0.873,0.15,-0.0,0.722,-2.678
0.432,-0.953,0.315,-0.0,0.638,-2.709
0.405,-1.045,0.503,-0.0,0.541,-2.737
1.052,-0.502,-0.625,-0.0,1.127,-2.09
0.951,-0.534,-0.556,-0.0,1.09,-2.191
0.862,-0.572,-0.475,-0.0,1.047,-2.279
0.785,-0.615,-0.384,-0.0,0.999,-2.356
0.719,-0.664,-0.282,-0.0,0.946,-2.423
0.661,-0.717,-0.171,-0.0,0.888,-2.481
0.611,-0.776,-0.048,-0.0,0.825,-2.531
0.567,-0.841,0.086,-0.0,0.755,-2.575
0.528,-0.914,0.235,-0.0,0.679,-2.614
0.494,-0.996,0.404,-0.0,0.592,-2.648
0.464,-1.092,0.601,-0.0,0.492,-2.678
1.107,-0.555,-0.511,-0.0,1.066,-2.034
1.012,-0.586,-0.446,-0.0,1.032,-2.129
0.927,-0.622,-0.37,-0.0,0.992,-2.214
0.852,-0.664,-0.282,-0.0,0.946,-2.29
0.785,-0.711,-0.184,-0.0,0.895,-2.356
0.727,-0.764,-0.074,-0.0,0.838,-2.415
0.675,-0.823,0.048,-0.0,0.775,-2.467
0.629,-0.888,0.183,-0.0,0.706,-2.513
0.588,-0.963,0.335,-0.0,0.627,-2.554
0.552,-1.048,0.511,-0.0,0.538,-2.59
0.519,-1.152,0.722,-0.0,0.43,-2.622
-1.107,-0.447,-0.503,-0.0,0.951,-1.107
-1.012,-0.484,-0.439,-0.0,0.922,-1.012
-0.927,-0.526,-0.362,-0.0,0.888,-0.927
-0.852,-0.573,-0.275,-0.0,0.848,-0.852
-0.785,-0.626,-0.176,-0.0,0.803,-0.785
-0.727,-0.684,-0.067,-0.0,0.751,-0.727
-0.675,-0.748,0.055,-0.0,0.694,-0.675
-0.629,-0.818,0.19,-0.0,0.629,-0.629
-0.588,-0.897,0.342,-0.0,0.554,-0.588
-0.552,-0.987,0.518,-0.0,0.468,-0.552
-0.519,-1.095,0.732,-0.0,0.363,-0.519
-1.052,-0.382,-0.617,-0.0,0.999,-1.052
-0.951,-0.422,-0.548,-0.0,0.97,-0.951
-0.862,-0.468,-0.467,-0.0,0.935,-0.862
-0.785,-0.518,-0.376,-0.0,0.894,-0.785
-0.719,-0.573,-0.275,-0.0,0.848,-0.719
-0.661,-0.633,-0.164,-0.0,0.797,-0.661
-0.611,-0.698,-0.041,-0.0,0.739,-0.611
-0.567,-0.768,0.093,-0.0,0.675,-0.567
-0.528,-0.845,0.242,-0.0,0.603,-0.528
-0.494,-0.932,0.411,-0.0,0.521,-0.494
-0.464,-1.033,0.609,-0.0,0.424,-0.464
-0.983,-0.319,-0.723,-0.0,1.042,-0.983
-0.876,-0.364,-0.648,-0.0,1.012,-0.876
-0.785,-0.414,-0.563,-0.0,0.976,-0.785
-0.709,-0.468,-0.467,-0.0,0.935,-0.709
-0.644,-0.526,-0.362,-0.0,0.888,-0.643
-0.588,-0.588,-0.248,-0.0,0.836,-0.588
-0.54,-0.654,-0.125,-0.0,0.779,-0.54
-0.499,-0.725,0.01,-0.0,0.715,-0.499
-0.464,-0.802,0.157,-0.0,0.644,-0.464
-0.432,-0.886,0.322,-0.0,0.564,-0.432
-0.405,-0.983,0.511,-0.0,0.472,-0.405
-0.896,-0.258,-0.821,-0.0,1.079,-0.896
-0.785,-0.309,-0.74,-0.0,1.049,-0.785
-0.695,-0.364,-0.648,-0.0,1.012,-0.695
-0.62,-0.422,-0.548,-0.0,0.97,-0.62
-0.559,-0.484,-0.439,-0.0,0.922,-0.559
-0.507,-0.548,-0.322,-0.0,0.87,-0.507
-0.464,-0.616,-0.196,-0.0,0.812,-0.464
-0.427,-0.688,-0.061,-0.0,0.748,-0.427
-0.395,-0.765,0.087,-0.0,0.678,-0.395
-0.367,-0.849,0.249,-0.0,0.6,-0.367
-0.343,-0.943,0.432,-0.0,0.511,-0.343
-0.785,-0.2,-0.909,-0.0,1.109,-0.785
-0.675,-0.258,-0.821,-0.0,1.079,-0.675
-0.588,-0.319,-0.723,-0.0,1.042,-0.588
-0.519,-0.382,-0.617,-0.0,0.999,-0.519
-0.464,-0.447,-0.503,-0.0,0.951,-0.464
-0.418,-0.514,-0.383,-0.0,0.897,-0.418
-0.381,-0.584,-0.255,-0.0,0.839,-0.381
-0.349,-0.657,-0.118,-0.0,0.776,-0.349
-0.322,-0.735,0.029,-0.0,0.706,-0.322
-0.298,-0.818,0.19,-0.0,0.629,-0.298
-0.278,-0.911,0.37,-0.0,0.541,-0.278
-0.644,-0.145,-0.986,-0.0,1.131,-0.643
-0.54,-0.213,-0.889,-0.0,1.102,-0.54
-0.464,-0.282,-0.784,-0.0,1.065,-0.464
-0.405,-0.35,-0.673,-0.0,1.022,-0.405
-0.359,-0.418,-0.555,-0.0,0.973,-0.359
-0.322,-0.488,-0.432,-0.0,0.919,-0.322
-0.291,-0.559,-0.302,-0.0,0.861,-0.291
-0.266,-0.633,-0.164,-0.0,0.797,-0.266
-0.245,-0.711,-0.016,-0.0,0.727,-0.245
-0.227,-0.795,0.145,-0.0,0.65,-0.227
-0.211,-0.886,0.322,-0.0,0.564,-0.211
-0.464,-0.098,-1.047,-0.0,1.145,-0.464
-0.381,-0.177,-0.941,-0.0,1.119,-0.381
-0.322,-0.252,-0.83,-0.0,1.082,-0.322
-0.278,-0.325,-0.714,-0.0,1.039,-0.278
-0.245,-0.396,-0.593,-0.0,0.989,-0.245
-0.219,-0.468,-0.467,-0.0,0.935,-0.219
-0.197,-0.541,-0.335,-0.0,0.876,-0.197
-0.18,-0.616,-0.196,-0.0,0.812,-0.18
-0.165,-0.694,-0.048,-0.0,0.742,-0.165
-0.153,-0.778,0.112,-0.0,0.666,-0.153
-0.142,-0.869,0.289,-0.0,0.581,-0.142
-0.245,-0.065,-1.087,-0.0,1.152,-0.245
-0.197,-0.153,-0.975,-0.0,1.128,-0.197
-0.165,-0.233,-0.859,-0.0,1.092,-0.165
-0.142,-0.309,-0.74,-0.0,1.049,-0.142
-0.124,-0.382,-0.617,-0.0,0.999,-0.124
-0.111,-0.456,-0.489,-0.0,0.944,-0.111
-0.1,-0.53,-0.356,-0.0,0.885,-0.1
-0.091,-0.605,-0.216,-0.0,0.821,-0.091
-0.083,-0.684,-0.067,-0.0,0.751,-0.083
-0.077,-0.768,0.093,-0.0,0.675,-0.077
-0.071,-0.859,0.269,-0.0,0.59,-0.071
0.0,-0.053,-1.1,-0.0,1.154,0.0
0.0,-0.145,-0.986,-0.0,1.131,0.0
0.0,-0.227,-0.869,-0.0,1.096,0.0
0.0,-0.304,-0.748,-0.0,1.052,0.0
0.0,-0.378,-0.624,-0.0,1.002,0.0
0.0,-0.452,-0.496,-0.0,0.948,0.0
0.0,-0.526,-0.362,-0.0,0.888,0.0
0.0,-0.602,-0.222,-0.0,0.824,0.0
0.0,-0.681,-0.073,-0.0,0.754,0.0
0.0,-0.765,0.087,-0.0,0.678,0.0
0.0,-0.856,0.262,-0.0,0.594,0.0
0.245,-0.065,-1.087,-0.0,1.152,-2.897
0.197,-0.153,-0.975,-0.0,1.128,-2.944
0.165,-0.233,-0.859,-0.0,1.092,-2.976
0.142,-0.309,-0.74,-0.0,1.049,-3.0
0.124,-0.382,-0.617,-0.0,0.999,-3.017
0.111,-0.456,-0.489,-0.0,0.944,-3.031
0.1,-0.53,-0.356,-0.0,0.885,-3.042
0.091,-0.605,-0.216,-0.0,0.821,-3.051
0.083,-0.684,-0.067,-0.0,0.751,-3.058
0.077,-0.768,0.093,-0.0,0.675,-3.065
0.071,-0.859,0.269,-0.0,0.59,-3.07
0.464,-0.098,-1.047,-0.0,1.145,-2.678
0.381,-0.177,-0.941,-0.0,1.119,-2.761
0.322,-0.252,-0.83,-0.0,1.082,-2.82
0.278,-0.325,-0.714,-0.0,1.039,-2.863
0.245,-0.396,-0.593,-0.0,0.989,-2.897
0.219,-0.468,-0.467,-0.0,0.935,-2.923
0.197,-0.541,-0.335,-0.0,0.876,-2.944
0.18,-0.616,-0.196,-0.0,0.812,-2.962
0.165,-0.694,-0.048,-0.0,0.742,-2.976
0.153,-0.778,0.112,-0.0,0.666,-2.989
0.142,-0.869,0.289,-0.0,0.581,-3.0
0.644,-0.145,-0.986,-0.0,1.131,-2.498
0.54,-0.213,-0.889,-0.0,1.102,-2.601
0.464,-0.282,-0.784,-0.0,1.065,-2.678
0.405,-0.35,-0.673,-0.0,1.022,-2.737
0.359,-0.418,-0.555,-0.0,0.973,-2.783
0.322,-0.488,-0.432,-0.0,0.919,-2.82
0.291,-0.559,-0.302,-0.0,0.861,-2.85
0.266,-0.633,-0.164,-0.0,0.797,-2.875
0.245,-0.711,-0.016,-0.0,0.727,-2.897
0.227,-0.795,0.145,-0.0,0.65,-2.915
0.211,-0.886,0.322,-0.0,0.564,-2.93
0.785,-0.2,-0.909,-0.0,1.109,-2.356
0.675,-0.258,-0.821,-0.0,1.079,-2.467
0.588,-0.319,-0.723,-0.0,1.042,-2.554
0.519,-0.382,-0.617,-0.0,0.999,-2.622
0.464,-0.447,-0.503,-0.0,0.951,-2.678
0.418,-0.514,-0.383,-0.0,0.897,-2.723
0.381,-0.584,-0.255,-0.0,0.839,-2.761
0.349,-0.657,-0.118,-0.0,0.776,-2.793
0.322,-0.735,0.029,-0.0,0.706,-2.82
0.298,-0.818,0.19,-0.0,0.629,-2.843
0.278,-0.911,0.37,-0.0,0.541,-2.863
0.896,-0.258,-0.821,-0.0,1.079,-2.246
0.785,-0.309,-0.74,-0.0,1.049,-2.356
0.695,-0.364,-0.648,-0.0,1.012,-2.447
0.62,-0.422,-0.548,-0.0,0.97,-2.521
0.559,-0.484,-0.439,-0.0,0.922,-2.583
0.507,-0.548,-0.322,-0.0,0.87,-2.634
0.464,-0.616,-0.196,-0.0,0.812,-2.678
0.427,-0.688,-0.061,-0.0,0.748,-2.715
0.395,-0.765,0.087,-0.0,0.678,-2.747
0.367,-0.849,0.249,-0.0,0.6,-2.774
0.343,-0.943,0.432,-0.0,0.511,-2.799
0.983,-0.319,-0.723,-0.0,1.042,-2.159
0.876,-0.364,-0.648,-0.0,1.012,-2.266
0.785,-0.414,-0.563,-0.0,0.976,-2.356
0.709,-0.468,-0.467,-0.0,0.935,-2.433
0.644,-0.526,-0.362,-0.0,0.888,-2.498
0.588,-0.588,-0.248,-0.0,0.836,-2.554
0.54,-0.654,-0.125,-0.0,0.779,-2.601
0.499,-0.725,0.01,-0.0,0.715,-2.642
0.464,-0.802,0.157,-0.0,0.644,-2.678
0.432,-0.886,0.322,-0.0,0.564,-2.709
0.405,-0.983,0.511,-0.0,0.472,-2.737
1.052,-0.382,-0.617,-0.0,0.999,-2.09
0.951,-0.422,-0.548,-0.0,0.97,-2.191
0.862,-0.468,-0.467,-0.0,0.935,-2.279
0.785,-0.518,-0.376,-0.0,0.894,-2.356
0.719,-0.573,-0.275,-0.0,0.848,-2.423
0.661,-0.633,-0.164,-0.0,0.797,-2.481
0.611,-0.698,-0.041,-0.0,0.739,-2.531
0.567,-0.768,0.093,-0.0,0.675,-2.575
0.528,-0.845,0.242,-0.0,0.603,-2.614
0.494,-0.932,0.411,-0.0,0.521,-2.648
0.464,-1.033,0.609,-0.0,0.424,-2.678
1.107,-0.447,-0.503,-0.0,0.951,-2.034
1.012,-0.484,-0.439,-0.0,0.922,-2.129
0.927,-0.526,-0.362,-0.0,0.888,-2.214
0.852,-0.573,-0.275,-0.0,0.848,-2.29
0.785,-0.626,-0.176,-0.0,0.803,-2.356
0.727,-0.684,-0.067,-0.0,0.751,-2.415
0.675,-0.748,0.055,-0.0,0.694,-2.467
0.629,-0.818,0.19,-0.0,0.629,-2.513
0.588,-0.897,0.342,-0.0,0.554,-2.554
0.552,-0.987,0.518,-0.0,0.468,-2.59
0.519,-1.095,0.732,-0.0,0.363,-2.622
-1.107,-0.349,-0.481,-0.0,0.83,-1.107
-1.012,-0.391,-0.417,-0.0,0.808,-1.012
-0.927,-0.438,-0.341,-0.0,0.78,-0.927
-0.852,-0.491,-0.254,-0.0,0.746,-0.852
-0.785,-0.549,-0.157,-0.0,0.706,-0.785
-0.727,-0.612,-0.047,-0.0,0.659,-0.727
-0.675,-0.681,0.074,-0.0,0.606,-0.675
-0.629,-0.756,0.21,-0.0,0.546,-0.629
-0.588,-0.839,0.363,-0.0,0.475,-0.588
-0.552,-0.933,0.541,-0.0,0.392,-0.552
-0.519,-1.046,0.758,-0.0,0.288,-0.519
-1.052,-0.274,-0.593,-0.0,0.867,-1.052
-0.951,-0.32,-0.525,-0.0,0.845,-0.951
-0.862,-0.373,-0.445,-0.0,0.818,-0.862
-0.785,-0.43,-0.355,-0.0,0.785,-0.785
-0.719,-0.491,-0.254,-0.0,0.746,-0.719
-0.661,-0.557,-0.144,-0.0,0.7,-0.661
-0.611,-0.627,-0.022,-0.0,0.648,-0.611
-0.567,-0.702,0.113,-0.0,0.589,-0.567
-0.528,-0.784,0.263,-0.0,0.522,-0.528
-0.494,-0.876,0.433,-0.0,0.443,-0.494
-0.464,-0.981,0.633,-0.0,0.348,-0.464
-0.983,-0.199,-0.697,-0.0,0.895,-0.983
-0.876,-0.252,-0.624,-0.0,0.876,-0.876
-0.785,-0.31,-0.54,-0.0,0.85,-0.785
-0.709,-0.373,-0.445,-0.0,0.818,-0.709
-0.644,-0.438,-0.341,-0.0,0.78,-0.643
-0.588,-0.507,-0.228,-0.0,0.735,-0.588
-0.54,-0.579,-0.105,-0.0,0.684,-0.54
-0.499,-0.656,0.029,-0.0,0.626,-0.499
-0.464,-0.738,0.177,-0.0,0.56,-0.464
-0.432,-0.828,0.343,-0.0,0.485,-0.432
-0.405,-0.929,0.534,-0.0,0.395,-0.405
-0.896,-0.123,-0.792,-0.0,0.916,-0.896
-0.785,-0.186,-0.713,-0.0,0.899,-0.785
-0.695,-0.252,-0.624,-0.0,0.876,-0.695
-0.62,-0.32,-0.525,-0.0,0.845,-0.62
-0.559,-0.391,-0.417,-0.0,0.808,-0.559
-0.507,-0.463,-0.301,-0.0,0.764,-0.507
-0.464,-0.538,-0.176,-0.0,0.714,-0.464
-0.427,-0.616,-0.041,-0.0,0.657,-0.427
-0.395,-0.699,0.106,-0.0,0.592,-0.395
-0.367,-0.788,0.269,-0.0,0.519,-0.367
-0.343,-0.887,0.454,-0.0,0.433,-0.343
-0.785,-0.048,-0.878,-0.0,0.926,-0.785
-0.675,-0.123,-0.792,-0.0,0.916,-0.675
-0.588,-0.199,-0.697,-0.0,0.895,-0.588
-0.519,-0.274,-0.593,-0.0,0.867,-0.519
-0.464,-0.349,-0.481,-0.0,0.83,-0.464
-0.418,-0.425,-0.362,-0.0,0.787,-0.418
-0.381,-0.503,-0.235,-0.0,0.738,-0.381
-0.349,-0.583,-0.099,-0.0,0.681,-0.349
-0.322,-0.666,0.049,-0.0,0.618,-0.322
-0.298,-0.756,0.21,-0.0,0.546,-0.298
-0.278,-0.853,0.391,-0.0,0.462,-0.278
-0.644,0.023,-0.951,-0.0,0.928,-0.643
-0.54,-0.066,-0.858,-0.0,0.925,-0.54
-0.464,-0.152,-0.757,-0.0,0.909,-0.464
-0.405,-0.235,-0.648,-0.0,0.882,-0.405
-0.359,-0.315,-0.532,-0.0,0.848,-0.359
-0.322,-0.395,-0.41,-0.0,0.805,-0.322
-0.291,-0.475,-0.281,-0.0,0.756,-0.291
-0.266,-0.557,-0.144,-0.0,0.7,-0.266
-0.245,-0.641,0.004,-0.0,0.637,-0.245
-0.227,-0.731,0.164,-0.0,0.566,-0.227
-0.211,-0.828,0.343,-0.0,0.485,-0.211
-0.464,0.087,-1.009,-0.0,0.922,-0.464
-0.381,-0.02,-0.909,-0.0,0.928,-0.381
-0.322,-0.116,-0.801,-0.0,0.917,-0.322
-0.278,-0.205,-0.688,-0.0,0.893,-0.278
-0.245,-0.29,-0.57,-0.0,0.86,-0.245
-0.219,-0.373,-0.445,-0.0,0.818,-0.219
-0.197,-0.455,-0.314,-0.0,0.769,-0.197
-0.18,-0.538,-0.176,-0.0,0.714,-0.18
-0.165,-0.623,-0.028,-0.0,0.651,-0.165
-0.153,-0.713,0.132,-0.0,0.581,-0.153
-0.142,-0.809,0.309,-0.0,0.5,-0.142
-0.245,0.132,-1.046,-0.0,0.914,-0.245
-0.197,0.012,-0.94,-0.0,0.928,-0.197
-0.165,-0.092,-0.829,-0.0,0.921,-0.165
-0.142,-0.186,-0.713,-0.0,0.899,-0.142
-0.124,-0.274,-0.593,-0.0,0.867,-0.124
-0.111,-0.359,-0.467,-0.0,0.825,-0.111
-0.1,-0.442,-0.335,-0.0,0.777,-0.1
-0.091,-0.526,-0.195,-0.0,0.722,-0.091
-0.083,-0.612,-0.047,-0.0,0.659,-0.083
-0.077,-0.702,0.113,-0.0,0.589,-0.077
-0.071,-0.799,0.289,-0.0,0.509,-0.071
0.0,0.149,-1.059,-0.0,0.91,0.0
0.0,0.023,-0.951,-0.0,0.928,0.0
0.0,-0.084,-0.839,-0.0,0.923,0.0
0.0,-0.179,-0.722,-0.0,0.901,0.0
0.0,-0.269,-0.6,-0.0,0.869,0.0
0.0,-0.354,-0.474,-0.0,0.828,0.0
0.0,-0.438,-0.341,-0.0,0.78,0.0
0.0,-0.522,-0.202,-0.0,0.724,0.0
0.0,-0.609,-0.054,-0.0,0.662,0.0
0.0,-0.699,0.106,-0.0,0.592,0.0
0.0,-0.795,0.282,-0.0,0.513,0.0
0.245,0.132,-1.046,-0.0,0.914,-2.897
0.197,0.012,-0.94,-0.0,0.928,-2.944
0.165,-0.092,-0.829,-0.0,0.921,-2.976
0.142,-0.186,-0.713,-0.0,0.899,-3.0
0.124,-0.274,-0.593,-0.0,0.867,-3.017
0.111,-0.359,-0.467,-0.0,0.825,-3.031
0.1,-0.442,-0.335,-0.0,0.777,-3.042
0.091,-0.526,-0.195,-0.0,0.722,-3.051
0.083,-0.612,-0.047,-0.0,0.659,-3.058
0.077,-0.702,0.113,-0.0,0.589,-3.065
0.071,-0.799,0.289,-0.0,0.509,-3.07
0.464,0.087,-1.009,-0.0,0.922,-2.678
0.381,-0.02,-0.909,-0.0,0.928,-2.761
0.322,-0.116,-0.801,-0.0,0.917,-2.82
0.278,-0.205,-0.688,-0.0,0.893,-2.863
0.245,-0.29,-0.57,-0.0,0.86,-2.897
0.219,-0.373,-0.445,-0.0,0.818,-2.923
0.197,-0.455,-0.314,-0.0,0.769,-2.944
0.18,-0.538,-0.176,-0.0,0.714,-2.962
0.165,-0.623,-0.028,-0.0,0.651,-2.976
0.153,-0.713,0.132,-0.0,0.581,-2.989
0.142,-0.809,0.309,-0.0,0.5,-3.0
0.644,0.023,-0.951,-0.0,0.928,-2.498
0.54,-0.066,-0.858,-0.0,0.925,-2.601
0.464,-0.152,-0.757,-0.0,0.909,-2.678
0.405,-0.235,-0.648,-0.0,0.882,-2.737
0.359,-0.315,-0.532,-0.0,0.848,-2.783
0.322,-0.395,-0.41,-0.0,0.805,-2.82
0.291,-0.475,-0.281,-0.0,0.756,-2.85
0.266,-0.557,-0.144,-0.0,0.7,-2.875
0.245,-0.641,0.004,-0.0,0.637,-2.897
0.227,-0.731,0.164,-0.0,0.566,-2.915
0.211,-0.828,0.343,-0.0,0.485,-2.93
0.785,-0.048,-0.878,-0.0,0.926,-2.356
0.675,-0.123,-0.792,-0.0,0.916,-2.467
0.588,-0.199,-0.697,-0.0,0.895,-2.554
0.519,-0.274,-0.593,-0.0,0.867,-2.622
0.464,-0.349,-0.481,-0.0,0.83,-2.678
0.418,-0.425,-0.362,-0.0,0.787,-2.723
0.381,-0.503,-0.235,-0.0,0.738,-2.761
0.349,-0.583,-0.099,-0.0,0.681,-2.793
0.322,-0.666,0.049,-0.0,0.618,-2.82
0.298,-0.756,0.21,-0.0,0.546,-2.843
0.278,-0.853,0.391,-0.0,0.462,-2.863
0.896,-0.123,-0.792,-0.0,0.916,-2.246
0.785,-0.186,-0.713,-0.0,0.899,-2.356
0.695,-0.252,-0.624,-0.0,0.876,-2.447
0.62,-0.32,-0.525,-0.0,0.845,-2.521
0.559,-0.391,-0.417,-0.0,0.808,-2.583
0.507,-0.463,-0.301,-0.0,0.764,-2.634
0.464,-0.538,-0.176,-0.0,0.714,-2.678
0.427,-0.616,-0.041,-0.0,0.657,-2.715
0.395,-0.699,0.106,-0.0,0.592,-2.747
0.367,-0.788,0.269,-0.0,0.519,-2.774
0.343,-0.887,0.454,-0.0,0.433,-2.799
0.983,-0.199,-0.697,-0.0,0.895,-2.159
0.876,-0.252,-0.624,-0.0,0.876,-2.266
0.785,-0.31,-0.54,-0.0,0.85,-2.356
0.709,-0.373,-0.445,-0.0,0.818,-2.433
0.644,-0.438,-0.341,-0.0,0.78,-2.498
0.588,-0.507,-0.228,-0.0,0.735,-2.554
0.54,-0.579,-0.105,-0.0,0.684,-2.601
0.499,-0.656,0.029,-0.0,0.626,-2.642
0.464,-0.738,0.177,-0.0,0.56,-2.678
0.432,-0.828,0.343,-0.0,0.485,-2.709
0.405,-0.929,0.534,-0.0,0.395,-2.737
1.052,-0.274,-0.593,-0.0,0.867,-2.09
0.951,-0.32,-0.525,-0.0,0.845,-2.191
0.862,-0.373,-0.445,-0.0,0.818,-2.279
0.785,-0.43,-0.355,-0.0,0.785,-2.356
0.719,-0.491,-0.254,-0.0,0.746,-2.423
0.661,-0.557,-0.144,-0.0,0.7,-2.481
0.611,-0.627,-0.022,-0.0,0.648,-2.531
0.567,-0.702,0.113,-0.0,0.589,-2.575
0.528,-0.784,0.263,-0.0,0.522,-2.614
0.494,-0.876,0.433,-0.0,0.443,-2.648
0.464,-0.981,0.633,-0.0,0.348,-2.678
1.107,-0.349,-0.481,-0.0,0.83,-2.034
1.012,-0.391,-0.417,-0.0,0.808,-2.129
0.927,-0.438,-0.341,-0.0,0.78,-2.214
0.852,-0.491,-0.254,-0.0,0.746,-2.29
0.785,-0.549,-0.157,-0.0,0.706,-2.356
0.727,-0.612,-0.047,-0.0,0.659,-2.415
0.675,-0.681,0.074,-0.0,0.606,-2.467
0.629,-0.756,0.21,-0.0,0.546,-2.513
0.588,-0.839,0.363,-0.0,0.475,-2.554
0.552,-0.933,0.541,-0.0,0.392,-2.59
0.519,-1.046,0.758,-0.0,0.288,-2.622
-1.107,-0.263,-0.445,-0.0,0.708,-1.107
-1.012,-0.308,-0.382,-0.0,0.69,-1.012
-0.927,-0.36,-0.307,-0.0,0.668,-0.927
-0.852,-0.418,-0.221,-0.0,0.639,-0.852
-0.785,-0.481,-0.124,-0.0,0.604,-0.785
-0.727,-0.548,-0.015,-0.0,0.563,-0.727
-0.675,-0.621,0.107,-0.0,0.515,-0.675
-0.629,-0.701,0.243,-0.0,0.457,-0.629
-0.588,-0.788,0.398,-0.0,0.39,-0.588
-0.552,-0.888,0.58,-0.0,0.308,-0.552
-0.519,-1.008,0.804,-0.0,0.204,-0.519
-1.052,-0.179,-0.554,-0.0,0.733,-1.052
-0.951,-0.231,-0.488,-0.0,0.718,-0.951
-0.862,-0.289,-0.41,-0.0,0.698,-0.862
-0.785,-0.351,-0.321,-0.0,0.672,-0.785
-0.719,-0.418,-0.221,-0.0,0.639,-0.719
-0.661,-0.489,-0.111,-0.0,0.6,-0.661
-0.611,-0.564,0.011,-0.0,0.553,-0.611
-0.567,-0.644,0.146,-0.0,0.499,-0.567
-0.528,-0.731,0.296,-0.0,0.435,-0.528
-0.494,-0.827,0.469,-0.0,0.359,-0.494
-0.464,-0.939,0.674,-0.0,0.265,-0.464
-0.983,-0.094,-0.655,-0.0,0.749,-0.983
-0.876,-0.154,-0.584,-0.0,0.739,-0.876
-0.785,-0.22,-0.502,-0.0,0.722,-0.785
-0.709,-0.289,-0.41,-0.0,0.698,-0.709
-0.644,-0.36,-0.307,-0.0,0.668,-0.643
-0.588,-0.435,-0.195,-0.0,0.63,-0.588
-0.54,-0.513,-0.072,-0.0,0.585,-0.54
-0.499,-0.595,0.062,-0.0,0.533,-0.499
-0.464,-0.682,0.21,-0.0,0.471,-0.464
-0.432,-0.777,0.378,-0.0,0.399,-0.432
-0.405,-0.884,0.572,-0.0,0.312,-0.405
-0.896,-0.008,-0.747,-0.0,0.755,-0.896
-0.785,-0.08,-0.671,-0.0,0.751,-0.785
-0.695,-0.154,-0.584,-0.0,0.739,-0.695
-0.62,-0.231,-0.488,-0.0,0.718,-0.62
-0.559,-0.308,-0.382,-0.0,0.69,-0.559
-0.507,-0.387,-0.267,-0.0,0.655,-0.507
-0.464,-0.468,-0.143,-0.0,0.612,-0.464
-0.427,-0.552,-0.008,-0.0,0.561,-0.427
-0.395,-0.64,0.139,-0.0,0.501,-0.395
-0.367,-0.735,0.303,-0.0,0.432,-0.367
-0.343,-0.839,0.49,-0.0,0.349,-0.343
-0.785,0.077,-0.829,-0.0,0.751,-0.785
-0.675,-0.008,-0.747,-0.0,0.755,-0.675
-0.588,-0.094,-0.655,-0.0,0.749,-0.588
-0.519,-0.179,-0.554,-0.0,0.733,-0.519
-0.464,-0.263,-0.445,-0.0,0.708,-0.464
-0.418,-0.347,-0.327,-0.0,0.674,-0.418
-0.381,-0.431,-0.201,-0.0,0.632,-0.381
-0.349,-0.517,-0.066,-0.0,0.583,-0.349
-0.322,-0.606,0.081,-0.0,0.525,-0.322
-0.298,-0.701,0.243,-0.0,0.457,-0.298
-0.278,-0.804,0.426,-0.0,0.378,-0.278
-0.644,0.16,-0.897,-0.0,0.738,-0.643
-0.54,0.057,-0.81,-0.0,0.753,-0.54
-0.464,-0.042,-0.713,-0.0,0.754,-0.464
-0.405,-0.135,-0.608,-0.0,0.743,-0.405
-0.359,-0.225,-0.495,-0.0,0.72,-0.359
-0.322,-0.313,-0.375,-0.0,0.688,-0.322
-0.291,-0.401,-0.247,-0.0,0.648,-0.291
-0.266,-0.489,-0.111,-0.0,0.6,-0.266
-0.245,-0.579,0.036,-0.0,0.543,-0.245
-0.227,-0.674,0.197,-0.0,0.477,-0.227
-0.211,-0.777,0.378,-0.0,0.399,-0.211
-0.464,0.233,-0.951,-0.0,0.718,-0.464
-0.381,0.111,-0.857,-0.0,0.747,-0.381
-0.322,0.0,-0.756,-0.0,0.756,-0.322
-0.278,-0.101,-0.647,-0.0,0.748,-0.278
-0.245,-0.197,-0.532,-0.0,0.728,-0.245
-0.219,-0.289,-0.41,-0.0,0.698,-0.219
-0.197,-0.379,-0.28,-0.0,0.659,-0.197
-0.18,-0.468,-0.143,-0.0,0.612,-0.18
-0.165,-0.56,0.004,-0.0,0.556,-0.165
-0.153,-0.655,0.165,-0.0,0.491,-0.153
-0.142,-0.758,0.343,-0.0,0.414,-0.142
-0.245,0.284,-0.984,-0.0,0.7,-0.245
-0.197,0.147,-0.887,-0.0,0.74,-0.197
-0.165,0.027,-0.782,-0.0,0.755,-0.165
-0.142,-0.08,-0.671,-0.0,0.751,-0.142
-0.124,-0.179,-0.554,-0.0,0.733,-0.124
-0.111,-0.273,-0.431,-0.0,0.704,-0.111
-0.1,-0.365,-0.3,-0.0,0.666,-0.1
-0.091,-0.456,-0.162,-0.0,0.619,-0.091
-0.083,-0.548,-0.015,-0.0,0.563,-0.083
-0.077,-0.644,0.146,-0.0,0.499,-0.077
-0.071,-0.746,0.323,-0.0,0.423,-0.071
0.0,0.304,-0.996,-0.0,0.692,0.0
0.0,0.16,-0.897,-0.0,0.738,0.0
0.0,0.037,-0.792,-0.0,0.755,0.0
0.0,-0.072,-0.679,-0.0,0.752,0.0
0.0,-0.173,-0.562,-0.0,0.735,0.0
0.0,-0.268,-0.438,-0.0,0.706,0.0
0.0,-0.36,-0.307,-0.0,0.668,0.0
0.0,-0.452,-0.169,-0.0,0.621,0.0
0.0,-0.544,-0.021,-0.0,0.566,0.0
0.0,-0.64,0.139,-0.0,0.501,0.0
0.0,-0.742,0.316,-0.0,0.426,0.0
0.245,0.284,-0.984,-0.0,0.7,-2.897
0.197,0.147,-0.887,-0.0,0.74,-2.944
0.165,0.027,-0.782,-0.0,0.755,-2.976
0.142,-0.08,-0.671,-0.0,0.751,-3.0
0.124,-0.179,-0.554,-0.0,0.733,-3.017
0.111,-0.273,-0.431,-0.0,0.704,-3.031
0.1,-0.365,-0.3,-0.0,0.666,-3.042
0.091,-0.456,-0.162,-0.0,0.619,-3.051
0.083,-0.548,-0.015,-0.0,0.563,-3.058
0.077,-0.644,0.146,-0.0,0.499,-3.065
0.071,-0.746,0.323,-0.0,0.423,-3.07
0.464,0.233,-0.951,-0.0,0.718,-2.678
0.381,0.111,-0.857,-0.0,0.747,-2.761
0.322,0.0,-0.756,-0.0,0.756,-2.82
0.278,-0.101,-0.647,-0.0,0.748,-2.863
0.245,-0.197,-0.532,-0.0,0.728,-2.897
0.219,-0.289,-0.41,-0.0,0.698,-2.923
0.197,-0.379,-0.28,-0.0,0.659,-2.944
0.18,-0.468,-0.143,-0.0,0.612,-2.962
0.165,-0.56,0.004,-0.0,0.556,-2.976
0.153,-0.655,0.165,-0.0,0.491,-2.989
0.142,-0.758,0.343,-0.0,0.414,-3.0
0.644,0.16,-0.897,-0.0,0.738,-2.498
0.54,0.057,-0.81,-0.0,0.753,-2.601
0.464,-0.042,-0.713,-0.0,0.754,-2.678
0.405,-0.135,-0.608,-0.0,0.743,-2.737
0.359,-0.225,-0.495,-0.0,0.72,-2.783
0.322,-0.313,-0.375,-0.0,0.688,-2.82
0.291,-0.401,-0.247,-0.0,0.648,-2.85
0.266,-0.489,-0.111,-0.0,0.6,-2.875
0.245,-0.579,0.036,-0.0,0.543,-2.897
0.227,-0.674,0.197,-0.0,0.477,-2.915
0.211,-0.777,0.378,-0.0,0.399,-2.93
0.785,0.077,-0.829,-0.0,0.751,-2.356
0.675,-0.008,-0.747,-0.0,0.755,-2.467
0.588,-0.094,-0.655,-0.0,0.749,-2.554
0.519,-0.179,-0.554,-0.0,0.733,-2.622
0.464,-0.263,-0.445,-0.0,0.708,-2.678
0.418,-0.347,-0.327,-0.0,0.674,-2.723
0.381,-0.431,-0.201,-0.0,0.632,-2.761
0.349,-0.517,-0.066,-0.0,0.583,-2.793
0.322,-0.606,0.081,-0.0,0.525,-2.82
0.298,-0.701,0.243,-0.0,0.457,-2.843
0.278,-0.804,0.426,-0.0,0.378,-2.863
0.896,-0.008,-0.747,-0.0,0.755,-2.246
0.785,-0.08,-0.671,-0.0,0.751,-2.356
0.695,-0.154,-0.584,-0.0,0.739,-2.447
0.62,-0.231,-0.488,-0.0,0.718,-2.521
0.559,-0.308,-0.382,-0.0,0.69,-2.583
0.507,-0.387,-0.267,-0.0,0.655,-2.634
0.464,-0.468,-0.143,-0.0,0.612,-2.678
0.427,-0.552,-0.008,-0.0,0.561,-2.715
0.395,-0.64,0.139,-0.0,0.501,-2.747
0.367,-0.735,0.303,-0.0,0.432,-2.774
0.343,-0.839,0.49,-0.0,0.349,-2.799
0.983,-0.094,-0.655,-0.0,0.749,-2.159
0.876,-0.154,-0.584,-0.0,0.739,-2.266
0.785,-0.22,-0.502,-0.0,0.722,-2.356
0.709,-0.289,-0.41,-0.0,0.698,-2.433
0.644,-0.36,-0.307,-0.0,0.668,-2.498
0.588,-0.435,-0.195,-0.0,0.63,-2.554
0.54,-0.513,-0.072,-0.0,0.585,-2.601
0.499,-0.595,0.062,-0.0,0.533,-2.642
0.464,-0.682,0.21,-0.0,0.471,-2.678
0.432,-0.777,0.378,-0.0,0.399,-2.709
0.405,-0.884,0.572,-0.0,0.312,-2.737
1.052,-0.179,-0.554,-0.0,0.733,-2.09
0.951,-0.231,-0.488,-0.0,0.718,-2.191
0.862,-0.289,-0.41,-0.0,0.698,-2.279
0.785,-0.351,-0.321,-0.0,0.672,-2.356
0.719,-0.418,-0.221,-0.0,0.639,-2.423
0.661,-0.489,-0.111,-0.0,0.6,-2.481
0.611,-0.564,0.011,-0.0,0.553,-2.531
0.567,-0.644,0.146,-0.0,0.499,-2.575
0.528,-0.731,0.296,-0.0,0.435,-2.614
0.494,-0.827,0.469,-0.0,0.359,-2.648
0.464,-0.939,0.674,-0.0,0.265,-2.678
1.107,-0.263,-0.445,-0.0,0.708,-2.034
1.012,-0.308,-0.382,-0.0,0.69,-2.129
0.927,-0.36,-0.307,-0.0,0.668,-2.214
0.852,-0.418,-0.221,-0.0,0.639,-2.29
0.785,-0.481,-0.124,-0.0,0.604,-2.356
0.727,-0.548,-0.015,-0.0,0.563,-2.415
0.675,-0.621,0.107,-0.0,0.515,-2.467
0.629,-0.701,0.243,-0.0,0.457,-2.513
0.588,-0.788,0.398,-0.0,0.39,-2.554
0.552,-0.888,0.58,-0.0,0.308,-2.59
0.519,-1.008,0.804,-0.0,0.204,-2.622
-1.107,-0.19,-0.395,-0.0,0.585,-1.107
-1.012,-0.238,-0.334,-0.0,0.572,-1.012
-0.927,-0.294,-0.26,-0.0,0.554,-0.927
-0.852,-0.355,-0.175,-0.0,0.53,-0.852
-0.785,-0.422,-0.078,-0.0,0.5,-0.785
-0.727,-0.494,0.03,-0.0,0.463,-0.727
-0.675,-0.571,0.153,-0.0,0.418,-0.675
-0.629,-0.655,0.29,-0.0,0.365,-0.629
-0.588,-0.747,0.448,-0.0,0.299,-0.588
-0.552,-0.853,0.635,-0.0,0.218,-0.552
-0.519,-0.982,0.872,-0.0,0.11,-0.519
-1.052,-0.099,-0.502,-0.0,0.601,-1.052
-0.951,-0.155,-0.437,-0.0,0.592,-0.951
-0.862,-0.217,-0.361,-0.0,0.578,-0.862
-0.785,-0.284,-0.273,-0.0,0.558,-0.785
-0.719,-0.355,-0.175,-0.0,0.53,-0.719
-0.661,-0.431,-0.065,-0.0,0.496,-0.661
-0.611,-0.51,0.056,-0.0,0.454,-0.611
-0.567,-0.595,0.191,-0.0,0.404,-0.567
-0.528,-0.687,0.344,-0.0,0.343,-0.528
-0.494,-0.789,0.52,-0.0,0.268,-0.494
-0.464,-0.907,0.734,-0.0,0.174,-0.464
-0.983,-0.008,-0.599,-0.0,0.607,-0.983
-0.876,-0.073,-0.531,-0.0,0.604,-0.876
-0.785,-0.143,-0.451,-0.0,0.594,-0.785
-0.709,-0.217,-0.361,-0.0,0.578,-0.709
-0.644,-0.294,-0.26,-0.0,0.554,-0.643
-0.588,-0.374,-0.149,-0.0,0.523,-0.588
-0.54,-0.456,-0.027,-0.0,0.483,-0.54
-0.499,-0.543,0.107,-0.0,0.435,-0.499
-0.464,-0.635,0.257,-0.0,0.378,-0.464
-0.432,-0.735,0.427,-0.0,0.308,-0.432
-0.405,-0.848,0.627,-0.0,0.222,-0.405
-0.896,0.084,-0.687,-0.0,0.603,-0.896
-0.785,0.007,-0.615,-0.0,0.607,-0.785
-0.695,-0.073,-0.531,-0.0,0.604,-0.695
-0.62,-0.155,-0.437,-0.0,0.592,-0.62
-0.559,-0.238,-0.334,-0.0,0.572,-0.559
-0.507,-0.323,-0.221,-0.0,0.543,-0.507
-0.464,-0.409,-0.097,-0.0,0.507,-0.464
-0.427,-0.498,0.037,-0.0,0.461,-0.427
-0.395,-0.591,0.185,-0.0,0.406,-0.395
-0.367,-0.691,0.351,-0.0,0.34,-0.367
-0.343,-0.801,0.542,-0.0,0.259,-0.343
-0.785,0.176,-0.764,-0.0,0.588,-0.785
-0.675,0.084,-0.687,-0.0,0.603,-0.675
-0.588,-0.008,-0.599,-0.0,0.607,-0.588
-0.519,-0.099,-0.502,-0.0,0.601,-0.519
-0.464,-0.19,-0.395,-0.0,0.585,-0.464
-0.418,-0.279,-0.28,-0.0,0.559,-0.418
-0.381,-0.369,-0.155,-0.0,0.525,-0.381
-0.349,-0.46,-0.021,-0.0,0.481,-0.349
-0.322,-0.555,0.127,-0.0,0.428,-0.322
-0.298,-0.655,0.29,-0.0,0.365,-0.298
-0.278,-0.764,0.477,-0.0,0.287,-0.278
-0.644,0.263,-0.828,-0.0,0.564,-0.643
-0.54,0.154,-0.746,-0.0,0.592,-0.54
-0.464,0.049,-0.654,-0.0,0.606,-0.464
-0.405,-0.052,-0.553,-0.0,0.606,-0.405
-0.359,-0.149,-0.444,-0.0,0.593,-0.359
-0.322,-0.244,-0.327,-0.0,0.57,-0.322
-0.291,-0.337,-0.201,-0.0,0.538,-0.291
-0.266,-0.431,-0.065,-0.0,0.496,-0.266
-0.245,-0.527,0.082,-0.0,0.445,-0.245
-0.227,-0.627,0.244,-0.0,0.383,-0.227
-0.211,-0.735,0.427,-0.0,0.308,-0.211
-0.464,0.339,-0.876,-0.0,0.537,-0.464
-0.381,0.211,-0.791,-0.0,0.58,-0.381
-0.322,0.094,-0.695,-0.0,0.602,-0.322
-0.278,-0.016,-0.591,-0.0,0.607,-0.278
-0.245,-0.119,-0.48,-0.0,0.598,-0.245
-0.219,-0.217,-0.361,-0.0,0.578,-0.219
-0.197,-0.313,-0.234,-0.0,0.547,-0.197
-0.18,-0.409,-0.097,-0.0,0.507,-0.18
-0.165,-0.506,0.05,-0.0,0.456,-0.165
-0.153,-0.607,0.211,-0.0,0.396,-0.153
-0.142,-0.715,0.392,-0.0,0.323,-0.142
-0.245,0.393,-0.907,-0.0,0.514,-0.245
-0.197,0.25,-0.818,-0.0,0.569,-0.197
-0.165,0.123,-0.721,-0.0,0.598,-0.165
-0.142,0.007,-0.615,-0.0,0.607,-0.142
-0.124,-0.099,-0.502,-0.0,0.601,-0.124
-0.111,-0.201,-0.381,-0.0,0.582,-0.111
-0.1,-0.299,-0.253,-0.0,0.552,-0.1
-0.091,-0.396,-0.117,-0.0,0.513,-0.091
-0.083,-0.494,0.03,-0.0,0.463,-0.083
-0.077,-0.595,0.191,-0.0,0.404,-0.077
-0.071,-0.703,0.371,-0.0,0.331,-0.071
0.0,0.412,-0.917,-0.0,0.505,0.0
0.0,0.263,-0.828,-0.0,0.564,0.0
0.0,0.133,-0.729,-0.0,0.596,0.0
0.0,0.015,-0.623,-0.0,0.607,0.0
0.0,-0.093,-0.509,-0.0,0.602,0.0
0.0,-0.195,-0.388,-0.0,0.584,0.0
0.0,-0.294,-0.26,-0.0,0.554,0.0
0.0,-0.392,-0.123,-0.0,0.515,0.0
0.0,-0.49,0.024,-0.0,0.466,0.0
0.0,-0.591,0.185,-0.0,0.406,0.0
0.0,-0.699,0.364,-0.0,0.334,0.0
0.245,0.393,-0.907,-0.0,0.514,-2.897
0.197,0.25,-0.818,-0.0,0.569,-2.944
0.165,0.123,-0.721,-0.0,0.598,-2.976
0.142,0.007,-0.615,-0.0,0.607,-3.0
0.124,-0.099,-0.502,-0.0,0.601,-3.017
0.111,-0.201,-0.381,-0.0,0.582,-3.031
0.1,-0.299,-0.253,-0.0,0.552,-3.042
0.091,-0.396,-0.117,-0.0,0.513,-3.051
0.083,-0.494,0.03,-0.0,0.463,-3.058
0.077,-0.595,0.191,-0.0,0.404,-3.065
0.071,-0.703,0.371,-0.0,0.331,-3.07
0.464,0.339,-0.876,-0.0,0.537,-2.678
0.381,0.211,-0.791,-0.0,0.58,-2.761
0.322,0.094,-0.695,-0.0,0.602,-2.82
0.278,-0.016,-0.591,-0.0,0.607,-2.863
0.245,-0.119,-0.48,-0.0,0.598,-2.897
0.219,-0.217,-0.361,-0.0,0.578,-2.923
0.197,-0.313,-0.234,-0.0,0.547,-2.944
0.18,-0.409,-0.097,-0.0,0.507,-2.962
0.165,-0.506,0.05,-0.0,0.456,-2.976
0.153,-0.607,0.211,-0.0,0.396,-2.989
0.142,-0.715,0.392,-0.0,0.323,-3.0
0.644,0.263,-0.828,-0.0,0.564,-2.498
0.54,0.154,-0.746,-0.0,0.592,-2.601
0.464,0.049,-0.654,-0.0,0.606,-2.678
0.405,-0.052,-0.553,-0.0,0.606,-2.737
0.359,-0.149,-0.444,-0.0,0.593,-2.783
0.322,-0.244,-0.327,-0.0,0.57,-2.82
0.291,-0.337,-0.201,-0.0,0.538,-2.85
0.266,-0.431,-0.065,-0.0,0.496,-2.875
0.245,-0.527,0.082,-0.0,0.445,-2.897
0.227,-0.627,0.244,-0.0,0.383,-2.915
0.211,-0.735,0.427,-0.0,0.308,-2.93
0.785,0.176,-0.764,-0.0,0.588,-2.356
0.675,0.084,-0.687,-0.0,0.603,-2.467
0.588,-0.008,-0.599,-0.0,0.607,-2.554
0.519,-0.099,-0.502,-0.0,0.601,-2.622
0.464,-0.19,-0.395,-0.0,0.585,-2.678
0.418,-0.279,-0.28,-0.0,0.559,-2.723
0.381,-0.369,-0.155,-0.0,0.525,-2.761
0.349,-0.46,-0.021,-0.0,0.481,-2.793
0.322,-0.555,0.127,-0.0,0.428,-2.82
0.298,-0.655,0.29,-0.0,0.365,-2.843
0.278,-0.764,0.477,-0.0,0.287,-2.863
0.896,0.084,-0.687,-0.0,0.603,-2.246
0.785,0.007,-0.615,-0.0,0.607,-2.356
0.695,-0.073,-0.531,-0.0,0.604,-2.447
0.62,-0.155,-0.437,-0.0,0.592,-2.521
0.559,-0.238,-0.334,-0.0,0.572,-2.583
0.507,-0.323,-0.221,-0.0,0.543,-2.634
0.464,-0.409,-0.097,-0.0,0.507,-2.678
0.427,-0.498,0.037,-0.0,0.461,-2.715
0.395,-0.591,0.185,-0.0,0.406,-2.747
0.367,-0.691,0.351,-0.0,0.34,-2.774
0.343,-0.801,0.542,-0.0,0.259,-2.799
0.983,-0.008,-0.599,-0.0,0.607,-2.159
0.876,-0.073,-0.531,-0.0,0.604,-2.266
0.785,-0.143,-0.451,-0.0,0.594,-2.356
0.709,-0.217,-0.361,-0.0,0.578,-2.433
0.644,-0.294,-0.26,-0.0,0.554,-2.498
0.588,-0.374,-0.149,-0.0,0.523,-2.554
0.54,-0.456,-0.027,-0.0,0.483,-2.601
0.499,-0.543,0.107,-0.0,0.435,-2.642
0.464,-0.635,0.257,-0.0,0.378,-2.678
0.432,-0.735,0.427,-0.0,0.308,-2.709
0.405,-0.848,0.627,-0.0,0.222,-2.737
1.052,-0.099,-0.502,-0.0,0.601,-2.09
0.951,-0.155,-0.437,-0.0,0.592,-2.191
0.862,-0.217,-0.361,-0.0,0.578,-2.279
0.785,-0.284,-0.273,-0.0,0.558,-2.356
0.719,-0.355,-0.175,-0.0,0.53,-2.423
0.661,-0.431,-0.065,-0.0,0.496,-2.481
0.611,-0.51,0.056,-0.0,0.454,-2.531
0.567,-0.595,0.191,-0.0,0.404,-2.575
0.528,-0.687,0.344,-0.0,0.343,-2.614
0.494,-0.789,0.52,-0.0,0.268,-2.648
0.464,-0.907,0.734,-0.0,0.174,-2.678
1.107,-0.19,-0.395,-0.0,0.585,-2.034
1.012,-0.238,-0.334,-0.0,0.572,-2.129
0.927,-0.294,-0.26,-0.0,0.554,-2.214
0.852,-0.355,-0.175,-0.0,0.53,-2.29
0.785,-0.422,-0.078,-0.0,0.5,-2.356
0.727,-0.494,0.03,-0.0,0.463,-2.415
0.675,-0.571,0.153,-0.0,0.418,-2.467
0.629,-0.655,0.29,-0.0,0.365,-2.513
0.588,-0.747,0.448,-0.0,0.299,-2.554
0.552,-0.853,0.635,-0.0,0.218,-2.59
0.519,-0.982,0.872,-0.0,0.11,-2.622
-1.107,-0.13,-0.333,-0.0,0.463,-1.107
-1.012,-0.181,-0.273,-0.0,0.454,-1.012
-0.927,-0.24,-0.2,-0.0,0.44,-0.927
-0.852,-0.304,-0.116,-0.0,0.42,-0.852
-0.785,-0.374,-0.02,-0.0,0.394,-0.785
-0.727,-0.449,0.089,-0.0,0.361,-0.727
-0.675,-0.53,0.212,-0.0,0.319,-0.675
-0.629,-0.618,0.351,-0.0,0.267,-0.629
-0.588,-0.716,0.513,-0.0,0.203,-0.588
-0.552,-0.829,0.709,-0.0,0.12,-0.552
-0.519,-0.972,0.968,-0.0,0.004,-0.519
-1.052,-0.036,-0.437,-0.0,0.472,-1.052
-0.951,-0.094,-0.374,-0.0,0.468,-0.951
-0.862,-0.159,-0.299,-0.0,0.458,-0.862
-0.785,-0.229,-0.213,-0.0,0.443,-0.785
-0.719,-0.304,-0.116,-0.0,0.42,-0.719
-0.661,-0.383,-0.007,-0.0,0.39,-0.661
-0.611,-0.467,0.114,-0.0,0.352,-0.611
-0.567,-0.556,0.251,-0.0,0.305,-0.567
-0.528,-0.652,0.406,-0.0,0.246,-0.528
-0.494,-0.76,0.588,-0.0,0.172,-0.494
-0.464,-0.888,0.815,-0.0,0.073,-0.464
-0.983,0.059,-0.53,-0.0,0.471,-0.983
-0.876,-0.008,-0.465,-0.0,0.473,-0.876
-0.785,-0.081,-0.388,-0.0,0.469,-0.785
-0.709,-0.159,-0.299,-0.0,0.458,-0.709
-0.644,-0.24,-0.2,-0.0,0.44,-0.643
-0.588,-0.323,-0.091,-0.0,0.414,-0.588
-0.54,-0.41,0.031,-0.0,0.379,-0.54
-0.499,-0.501,0.166,-0.0,0.335,-0.499
-0.464,-0.597,0.318,-0.0,0.28,-0.464
-0.432,-0.703,0.492,-0.0,0.212,-0.432
-0.405,-0.824,0.7,-0.0,0.124,-0.405
-0.896,0.155,-0.614,-0.0,0.459,-0.896
-0.785,0.076,-0.545,-0.0,0.47,-0.785
-0.695,-0.008,-0.465,-0.0,0.473,-0.695
-0.62,-0.094,-0.374,-0.0,0.468,-0.62
-0.559,-0.181,-0.273,-0.0,0.454,-0.559
-0.507,-0.27,-0.161,-0.0,0.431,-0.507
-0.464,-0.36,-0.039,-0.0,0.4,-0.464
-0.427,-0.454,0.095,-0.0,0.359,-0.427
-0.395,-0.551,0.244,-0.0,0.307,-0.395
-0.367,-0.656,0.413,-0.0,0.243,-0.367
-0.343,-0.773,0.612,-0.0,0.162,-0.343
-0.785,0.249,-0.686,-0.0,0.438,-0.785
-0.675,0.155,-0.614,-0.0,0.459,-0.675
-0.588,0.059,-0.53,-0.0,0.471,-0.588
-0.519,-0.036,-0.437,-0.0,0.472,-0.519
-0.464,-0.13,-0.333,-0.0,0.463,-0.464
-0.418,-0.224,-0.22,-0.0,0.444,-0.418
-0.381,-0.318,-0.097,-0.0,0.415,-0.381
-0.349,-0.414,0.037,-0.0,0.377,-0.349
-0.322,-0.513,0.185,-0.0,0.328,-0.322
-0.298,-0.618,0.351,-0.0,0.267,-0.298
-0.278,-0.734,0.543,-0.0,0.19,-0.278
-0.644,0.337,-0.746,-0.0,0.409,-0.643
-0.54,0.226,-0.67,-0.0,0.444,-0.54
-0.464,0.118,-0.583,-0.0,0.465,-0.464
-0.405,0.014,-0.487,-0.0,0.473,-0.405
-0.359,-0.088,-0.381,-0.0,0.469,-0.359
-0.322,-0.187,-0.266,-0.0,0.453,-0.322
-0.291,-0.285,-0.142,-0.0,0.427,-0.291
-0.266,-0.383,-0.007,-0.0,0.39,-0.266
-0.245,-0.484,0.14,-0.0,0.344,-0.245
-0.227,-0.589,0.304,-0.0,0.285,-0.227
-0.211,-0.703,0.492,-0.0,0.212,-0.211
-0.464,0.412,-0.79,-0.0,0.378,-0.464
-0.381,0.285,-0.711,-0.0,0.427,-0.381
-0.322,0.165,-0.622,-0.0,0.457,-0.322
-0.278,0.052,-0.523,-0.0,0.471,-0.278
-0.245,-0.056,-0.415,-0.0,0.471,-0.245
-0.219,-0.159,-0.299,-0.0,0.458,-0.219
-0.197,-0.26,-0.174,-0.0,0.434,-0.197
-0.18,-0.36,-0.039,-0.0,0.4,-0.18
-0.165,-0.462,0.108,-0.0,0.354,-0.165
-0.153,-0.568,0.271,-0.0,0.297,-0.153
-0.142,-0.682,0.456,-0.0,0.226,-0.142
-0.245,0.465,-0.818,-0.0,0.353,-0.245
-0.197,0.323,-0.737,-0.0,0.414,-0.197
-0.165,0.194,-0.646,-0.0,0.451,-0.165
-0.142,0.076,-0.545,-0.0,0.47,-0.142
-0.124,-0.036,-0.437,-0.0,0.472,-0.124
-0.111,-0.142,-0.32,-0.0,0.461,-0.111
-0.1,-0.245,-0.194,-0.0,0.439,-0.1
-0.091,-0.347,-0.059,-0.0,0.405,-0.091
-0.083,-0.449,0.089,-0.0,0.361,-0.083
-0.077,-0.556,0.251,-0.0,0.305,-0.077
-0.071,-0.669,0.434,-0.0,0.235,-0.071
0.0,0.483,-0.827,-0.0,0.344,0.0
0.0,0.337,-0.746,-0.0,0.409,0.0
0.0,0.205,-0.654,-0.0,0.449,0.0
0.0,0.084,-0.553,-0.0,0.469,0.0
0.0,-0.029,-0.444,-0.0,0.473,0.0
0.0,-0.136,-0.326,-0.0,0.462,0.0
0.0,-0.24,-0.2,-0.0,0.44,0.0
0.0,-0.342,-0.065,-0.0,0.407,0.0
0.0,-0.445,0.082,-0.0,0.363,0.0
0.0,-0.551,0.244,-0.0,0.307,0.0
0.0,-0.665,0.427,-0.0,0.237,0.0
0.245,0.465,-0.818,-0.0,0.353,-2.897
0.197,0.323,-0.737,-0.0,0.414,-2.944
0.165,0.194,-0.646,-0.0,0.451,-2.976
0.142,0.076,-0.545,-0.0,0.47,-3.0
0.124,-0.036,-0.437,-0.0,0.472,-3.017
0.111,-0.142,-0.32,-0.0,0.461,-3.031
0.1,-0.245,-0.194,-0.0,0.439,-3.042
0.091,-0.347,-0.059,-0.0,0.405,-3.051
0.083,-0.449,0.089,-0.0,0.361,-3.058
0.077,-0.556,0.251,-0.0,0.305,-3.065
0.071,-0.669,0.434,-0.0,0.235,-3.07
0.464,0.412,-0.79,-0.0,0.378,-2.678
0.381,0.285,-0.711,-0.0,0.427,-2.761
0.322,0.165,-0.622,-0.0,0.457,-2.82
0.278,0.052,-0.523,-0.0,0.471,-2.863
0.245,-0.056,-0.415,-0.0,0.471,-2.897
0.219,-0.159,-0.299,-0.0,0.458,-2.923
0.197,-0.26,-0.174,-0.0,0.434,-2.944
0.18,-0.36,-0.039,-0.0,0.4,-2.962
0.165,-0.462,0.108,-0.0,0.354,-2.976
0.153,-0.568,0.271,-0.0,0.297,-2.989
0.142,-0.682,0.456,-0.0,0.226,-3.0
0.644,0.337,-0.746,-0.0,0.409,-2.498
0.54,0.226,-0.67,-0.0,0.444,-2.601
0.464,0.118,-0.583,-0.0,0.465,-2.678
0.405,0.014,-0.487,-0.0,0.473,-2.737
0.359,-0.088,-0.381,-0.0,0.469,-2.783
0.322,-0.187,-0.266,-0.0,0.453,-2.82
0.291,-0.285,-0.142,-0.0,0.427,-2.85
0.266,-0.383,-0.007,-0.0,0.39,-2.875
0.245,-0.484,0.14,-0.0,0.344,-2.897
0.227,-0.589,0.304,-0.0,0.285,-2.915
0.211,-0.703,0.492,-0.0,0.212,-2.93
0.785,0.249,-0.686,-0.0,0.438,-2.356
0.675,0.155,-0.614,-0.0,0.459,-2.467
0.588,0.059,-0.53,-0.0,0.471,-2.554
0.519,-0.036,-0.437,-0.0,0.472,-2.622
0.464,-0.13,-0.333,-0.0,0.463,-2.678
0.418,-0.224,-0.22,-0.0,0.444,-2.723
0.381,-0.318,-0.097,-0.0,0.415,-2.761
0.349,-0.414,0.037,-0.0,0.377,-2.793
0.322,-0.513,0.185,-0.0,0.328,-2.82
0.298,-0.618,0.351,-0.0,0.267,-2.843
0.278,-0.734,0.543,-0.0,0.19,-2.863
0.896,0.155,-0.614,-0.0,0.459,-2.246
0.785,0.076,-0.545,-0.0,0.47,-2.356
0.695,-0.008,-0.465,-0.0,0.473,-2.447
0.62,-0.094,-0.374,-0.0,0.468,-2.521
0.559,-0.181,-0.273,-0.0,0.454,-2.583
0.507,-0.27,-0.161,-0.0,0.431,-2.634
0.464,-0.36,-0.039,-0.0,0.4,-2.678
0.427,-0.454,0.095,-0.0,0.359,-2.715
0.395,-0.551,0.244,-0.0,0.307,-2.747
0.367,-0.656,0.413,-0.0,0.243,-2.774
0.343,-0.773,0.612,-0.0,0.162,-2.799
0.983,0.059,-0.53,-0.0,0.471,-2.159
0.876,-0.008,-0.465,-0.0,0.473,-2.266
0.785,-0.081,-0.388,-0.0,0.469,-2.356
0.709,-0.159,-0.299,-0.0,0.458,-2.433
0.644,-0.24,-0.2,-0.0,0.44,-2.498
0.588,-0.323,-0.091,-0.0,0.414,-2.554
0.54,-0.41,0.031,-0.0,0.379,-2.601
0.499,-0.501,0.166,-0.0,0.335,-2.642
0.464,-0.597,0.318,-0.0,0.28,-2.678
0.432,-0.703,0.492,-0.0,0.212,-2.709
0.405,-0.824,0.7,-0.0,0.124,-2.737
1.052,-0.036,-0.437,-0.0,0.472,-2.09
0.951,-0.094,-0.374,-0.0,0.468,-2.191
0.862,-0.159,-0.299,-0.0,0.458,-2.279
0.785,-0.229,-0.213,-0.0,0.443,-2.356
0.719,-0.304,-0.116,-0.0,0.42,-2.423
0.661,-0.383,-0.007,-0.0,0.39,-2.481
0.611,-0.467,0.114,-0.0,0.352,-2.531
0.567,-0.556,0.251,-0.0,0.305,-2.575
0.528,-0.652,0.406,-0.0,0.246,-2.614
0.494,-0.76,0.588,-0.0,0.172,-2.648
0.464,-0.888,0.815,-0.0,0.073,-2.678
1.107,-0.13,-0.333,-0.0,0.463,-2.034
1.012,-0.181,-0.273,-0.0,0.454,-2.129
0.927,-0.24,-0.2,-0.0,0.44,-2.214
0.852,-0.304,-0.116,-0.0,0.42,-2.29
0.785,-0.374,-0.02,-0.0,0.394,-2.356
0.727,-0.449,0.089,-0.0,0.361,-2.415
0.675,-0.53,0.212,-0.0,0.319,-2.467
0.629,-0.618,0.351,-0.0,0.267,-2.513
0.588,-0.716,0.513,-0.0,0.203,-2.554
0.552,-0.829,0.709,-0.0,0.12,-2.59
0.519,-0.972,0.968,-0.0,0.004,-2.622
-1.107,-0.085,-0.259,-0.0,0.344,-1.107
-1.012,-0.137,-0.2,-0.0,0.337,-1.012
-0.927,-0.198,-0.129,-0.0,0.326,-0.927
-0.852,-0.264,-0.045,-0.0,0.31,-0.852
-0.785,-0.337,0.051,-0.0,0.286,-0.785
-0.727,-0.415,0.16,-0.0,0.255,-0.727
-0.675,-0.5,0.285,-0.0,0.215,-0.675
-0.629,-0.593,0.428,-0.0,0.165,-0.629
-0.588,-0.696,0.597,-0.0,0.1,-0.588
-0.552,-0.819,0.806,-0.0,0.012,-0.552
-0.519,-0.985,1.107,-0.0,-0.122,-0.519
-1.052,0.012,-0.36,-0.0,0.347,-1.052
-0.951,-0.047,-0.299,-0.0,0.346,-0.951
-0.862,-0.114,-0.226,-0.0,0.34,-0.862
-0.785,-0.187,-0.142,-0.0,0.328,-0.785
-0.719,-0.264,-0.045,-0.0,0.31,-0.719
-0.661,-0.346,0.064,-0.0,0.283,-0.661
-0.611,-0.433,0.186,-0.0,0.247,-0.611
-0.567,-0.526,0.325,-0.0,0.202,-0.567
-0.528,-0.628,0.485,-0.0,0.143,-0.528
-0.494,-0.744,0.676,-0.0,0.067,-0.494
-0.464,-0.885,0.925,-0.0,-0.039,-0.464
-0.983,0.109,-0.45,-0.0,0.341,-0.983
-0.876,0.041,-0.387,-0.0,0.347,-0.876
-0.785,-0.035,-0.312,-0.0,0.347,-0.785
-0.709,-0.114,-0.226,-0.0,0.34,-0.709
-0.644,-0.198,-0.129,-0.0,0.326,-0.643
-0.588,-0.284,-0.02,-0.0,0.304,-0.588
-0.54,-0.374,0.102,-0.0,0.272,-0.54
-0.499,-0.469,0.238,-0.0,0.231,-0.499
-0.464,-0.571,0.393,-0.0,0.177,-0.464
-0.432,-0.683,0.574,-0.0,0.109,-0.432
-0.405,-0.814,0.797,-0.0,0.016,-0.405
-0.896,0.205,-0.53,-0.0,0.324,-0.896
-0.785,0.126,-0.464,-0.0,0.339,-0.785
-0.695,0.041,-0.387,-0.0,0.347,-0.695
-0.62,-0.047,-0.299,-0.0,0.346,-0.62
-0.559,-0.137,-0.2,-0.0,0.337,-0.559
-0.507,-0.229,-0.09,-0.0,0.319,-0.507
-0.464,-0.323,0.032,-0.0,0.291,-0.464
-0.427,-0.42,0.167,-0.0,0.253,-0.427
-0.395,-0.522,0.318,-0.0,0.204,-0.395
-0.367,-0.633,0.492,-0.0,0.141,-0.367
-0.343,-0.758,0.701,-0.0,0.057,-0.343
-0.785,0.299,-0.598,-0.0,0.299,-0.785
-0.675,0.205,-0.53,-0.0,0.324,-0.675
-0.588,0.109,-0.45,-0.0,0.341,-0.588
-0.519,0.012,-0.36,-0.0,0.347,-0.519
-0.464,-0.085,-0.259,-0.0,0.344,-0.464
-0.418,-0.181,-0.148,-0.0,0.329,-0.418
-0.381,-0.279,-0.026,-0.0,0.305,-0.381
-0.349,-0.379,0.108,-0.0,0.27,-0.349
-0.322,-0.482,0.258,-0.0,0.224,-0.322
-0.298,-0.593,0.428,-0.0,0.165,-0.298
-0.278,-0.715,0.628,-0.0,0.087,-0.278
-0.644,0.385,-0.653,-0.0,0.268,-0.643
-0.54,0.277,-0.583,-0.0,0.306,-0.54
-0.464,0.168,-0.5,-0.0,0.332,-0.464
-0.405,0.063,-0.408,-0.0,0.345,-0.405
-0.359,-0.041,-0.306,-0.0,0.347,-0.359
-0.322,-0.143,-0.193,-0.0,0.336,-0.322
-0.291,-0.244,-0.071,-0.0,0.315,-0.291
-0.266,-0.346,0.064,-0.0,0.283,-0.266
-0.245,-0.451,0.212,-0.0,0.239,-0.245
-0.227,-0.562,0.379,-0.0,0.182,-0.227
-0.211,-0.683,0.574,-0.0,0.109,-0.211
-0.464,0.458,-0.694,-0.0,0.236,-0.464
-0.381,0.334,-0.621,-0.0,0.287,-0.381
-0.322,0.215,-0.537,-0.0,0.322,-0.322
-0.278,0.101,-0.443,-0.0,0.342,-0.278
-0.245,-0.008,-0.339,-0.0,0.347,-0.245
-0.219,-0.114,-0.226,-0.0,0.34,-0.219
-0.197,-0.219,-0.103,-0.0,0.321,-0.197
-0.18,-0.323,0.032,-0.0,0.291,-0.18
-0.165,-0.429,0.179,-0.0,0.249,-0.165
-0.153,-0.54,0.345,-0.0,0.195,-0.153
-0.142,-0.66,0.536,-0.0,0.124,-0.142
-0.245,0.508,-0.719,-0.0,0.212,-0.245
-0.197,0.372,-0.645,-0.0,0.273,-0.197
-0.165,0.245,-0.56,-0.0,0.315,-0.165
-0.142,0.126,-0.464,-0.0,0.339,-0.142
-0.124,0.012,-0.36,-0.0,0.347,-0.124
-0.111,-0.097,-0.246,-0.0,0.342,-0.111
-0.1,-0.203,-0.122,-0.0,0.325,-0.1
-0.091,-0.308,0.012,-0.0,0.296,-0.091
-0.083,-0.415,0.16,-0.0,0.255,-0.083
-0.077,-0.526,0.325,-0.0,0.202,-0.077
-0.071,-0.646,0.514,-0.0,0.132,-0.071
0.0,0.526,-0.728,-0.0,0.202,0.0
0.0,0.385,-0.653,-0.0,0.268,0.0
0.0,0.255,-0.567,-0.0,0.312,0.0
0.0,0.134,-0.472,-0.0,0.338,0.0
0.0,0.019,-0.367,-0.0,0.347,0.0
0.0,-0.091,-0.252,-0.0,0.343,0.0
0.0,-0.198,-0.129,-0.0,0.326,0.0
0.0,-0.304,0.006,-0.0,0.298,0.0
0.0,-0.411,0.154,-0.0,0.257,0.0
0.0,-0.522,0.318,-0.0,0.204,0.0
0.0,-0.642,0.507,-0.0,0.135,0.0
0.245,0.508,-0.719,-0.0,0.212,-2.897
0.197,0.372,-0.645,-0.0,0.273,-2.944
0.165,0.245,-0.56,-0.0,0.315,-2.976
0.142,0.126,-0.464,-0.0,0.339,-3.0
0.124,0.012,-0.36,-0.0,0.347,-3.017
0.111,-0.097,-0.246,-0.0,0.342,-3.031
0.1,-0.203,-0.122,-0.0,0.325,-3.042
0.091,-0.308,0.012,-0.0,0.296,-3.051
0.083,-0.415,0.16,-0.0,0.255,-3.058
0.077,-0.526,0.325,-0.0,0.202,-3.065
0.071,-0.646,0.514,-0.0,0.132,-3.07
0.464,0.458,-0.694,-0.0,0.236,-2.678
0.381,0.334,-0.621,-0.0,0.287,-2.761
0.322,0.215,-0.537,-0.0,0.322,-2.82
0.278,0.101,-0.443,-0.0,0.342,-2.863
0.245,-0.008,-0.339,-0.0,0.347,-2.897
0.219,-0.114,-0.226,-0.0,0.34,-2.923
0.197,-0.219,-0.103,-0.0,0.321,-2.944
0.18,-0.323,0.032,-0.0,0.291,-2.962
0.165,-0.429,0.179,-0.0,0.249,-2.976
0.153,-0.54,0.345,-0.0,0.195,-2.989
0.142,-0.66,0.536,-0.0,0.124,-3.0
0.644,0.385,-0.653,-0.0,0.268,-2.498
0.54,0.277,-0.583,-0.0,0.306,-2.601
0.464,0.168,-0.5,-0.0,0.332,-2.678
0.405,0.063,-0.408,-0.0,0.345,-2.737
0.359,-0.041,-0.306,-0.0,0.347,-2.783
0.322,-0.143,-0.193,-0.0,0.336,-2.82
0.291,-0.244,-0.071,-0.0,0.315,-2.85
0.266,-0.346,0.064,-0.0,0.283,-2.875
0.245,-0.451,0.212,-0.0,0.239,-2.897
0.227,-0.562,0.379,-0.0,0.182,-2.915
0.211,-0.683,0.574,-0.0,0.109,-2.93
0.785,0.299,-0.598,-0.0,0.299,-2.356
0.675,0.205,-0.53,-0.0,0.324,-2.467
0.588,0.109,-0.45,-0.0,0.341,-2.554
0.519,0.012,-0.36,-0.0,0.347,-2.622
0.464,-0.085,-0.259,-0.0,0.344,-2.678
0.418,-0.181,-0.148,-0.0,0.329,-2.723
0.381,-0.279,-0.026,-0.0,0.305,-2.761
0.349,-0.379,0.108,-0.0,0.27,-2.793
0.322,-0.482,0.258,-0.0,0.224,-2.82
0.298,-0.593,0.428,-0.0,0.165,-2.843
0.278,-0.715,0.628,-0.0,0.087,-2.863
0.896,0.205,-0.53,-0.0,0.324,-2.246
0.785,0.126,-0.464,-0.0,0.339,-2.356
0.695,0.041,-0.387,-0.0,0.347,-2.447
0.62,-0.047,-0.299,-0.0,0.346,-2.521
0.559,-0.137,-0.2,-0.0,0.337,-2.583
0.507,-0.229,-0.09,-0.0,0.319,-2.634
0.464,-0.323,0.032,-0.0,0.291,-2.678
0.427,-0.42,0.167,-0.0,0.253,-2.715
0.395,-0.522,0.318,-0.0,0.204,-2.747
0.367,-0.633,0.492,-0.0,0.141,-2.774
0.343,-0.758,0.701,-0.0,0.057,-2.799
0.983,0.109,-0.45,-0.0,0.341,-2.159
0.876,0.041,-0.387,-0.0,0.347,-2.266
0.785,-0.035,-0.312,-0.0,0.347,-2.356
0.709,-0.114,-0.226,-0.0,0.34,-2.433
0.644,-0.198,-0.129,-0.0,0.326,-2.498
0.588,-0.284,-0.02,-0.0,0.304,-2.554
0.54,-0.374,0.102,-0.0,0.272,-2.601
0.499,-0.469,0.238,-0.0,0.231,-2.642
0.464,-0.571,0.393,-0.0,0.177,-2.678
0.432,-0.683,0.574,-0.0,0.109,-2.709
0.405,-0.814,0.797,-0.0,0.016,-2.737
1.052,0.012,-0.36,-0.0,0.347,-2.09
0.951,-0.047,-0.299,-0.0,0.346,-2.191
0.862,-0.114,-0.226,-0.0,0.34,-2.279
0.785,-0.187,-0.142,-0.0,0.328,-2.356
0.719,-0.264,-0.045,-0.0,0.31,-2.423
0.661,-0.346,0.064,-0.0,0.283,-2.481
0.611,-0.433,0.186,-0.0,0.247,-2.531
0.567,-0.526,0.325,-0.0,0.202,-2.575
0.528,-0.628,0.485,-0.0,0.143,-2.614
0.494,-0.744,0.676,-0.0,0.067,-2.648
0.464,-0.885,0.925,-0.0,-0.039,-2.678
1.107,-0.085,-0.259,-0.0,0.344,-2.034
1.012,-0.137,-0.2,-0.0,0.337,-2.129
0.927,-0.198,-0.129,-0.0,0.326,-2.214
0.852,-0.264,-0.045,-0.0,0.31,-2.29
0.785,-0.337,0.051,-0.0,0.286,-2.356
0.727,-0.415,0.16,-0.0,0.255,-2.415
0.675,-0.5,0.285,-0.0,0.215,-2.467
0.629,-0.593,0.428,-0.0,0.165,-2.513
0.588,-0.696,0.597,-0.0,0.1,-2.554
0.552,-0.819,0.806,-0.0,0.012,-2.59
0.519,-0.985,1.107,-0.0,-0.122,-2.622
-1.107,-0.053,-0.173,-0.0,0.226,-1.107
-1.012,-0.106,-0.115,-0.0,0.221,-1.012
-0.927,-0.168,-0.045,-0.0,0.213,-0.927
-0.852,-0.236,0.038,-0.0,0.198,-0.852
-0.785,-0.311,0.135,-0.0,0.177,-0.785
-0.727,-0.393,0.245,-0.0,0.147,-0.727
-0.675,-0.481,0.373,-0.0,0.108,-0.675
-0.629,-0.579,0.522,-0.0,0.057,-0.629
-0.588,-0.69,0.702,-0.0,-0.012,-0.588
-0.552,-0.827,0.936,-0.0,-0.109,-0.552
-0.519,-1.056,1.361,-0.0,-0.305,-0.519
-1.052,0.045,-0.272,-0.0,0.226,-1.052
-0.951,-0.015,-0.212,-0.0,0.227,-0.951
-0.862,-0.083,-0.141,-0.0,0.224,-0.862
-0.785,-0.157,-0.057,-0.0,0.214,-0.785
-0.719,-0.236,0.038,-0.0,0.198,-0.719
-0.661,-0.321,0.148,-0.0,0.173,-0.661
-0.611,-0.411,0.272,-0.0,0.14,-0.611
-0.567,-0.509,0.415,-0.0,0.094,-0.567
-0.528,-0.617,0.582,-0.0,0.035,-0.528
-0.494,-0.742,0.789,-0.0,-0.047,-0.494
-0.464,-0.907,1.08,-0.0,-0.173,-0.464
-0.983,0.142,-0.359,-0.0,0.217,-0.983
-0.876,0.074,-0.298,-0.0,0.225,-0.876
-0.785,-0.002,-0.226,-0.0,0.227,-0.785
-0.709,-0.083,-0.141,-0.0,0.224,-0.709
-0.644,-0.168,-0.045,-0.0,0.213,-0.643
-0.588,-0.257,0.064,-0.0,0.193,-0.588
-0.54,-0.35,0.187,-0.0,0.163,-0.54
-0.499,-0.449,0.325,-0.0,0.123,-0.499
-0.464,-0.555,0.486,-0.0,0.07,-0.464
-0.432,-0.675,0.677,-0.0,-0.002,-0.432
-0.405,-0.821,0.926,-0.0,-0.105,-0.405
-0.896,0.238,-0.435,-0.0,0.198,-0.896
-0.785,0.159,-0.373,-0.0,0.214,-0.785
-0.695,0.074,-0.298,-0.0,0.225,-0.695
-0.62,-0.015,-0.212,-0.0,0.227,-0.62
-0.559,-0.106,-0.115,-0.0,0.221,-0.559
-0.507,-0.2,-0.006,-0.0,0.206,-0.507
-0.464,-0.297,0.115,-0.0,0.181,-0.464
-0.427,-0.397,0.252,-0.0,0.145,-0.427
-0.395,-0.504,0.408,-0.0,0.097,-0.395
-0.367,-0.622,0.59,-0.0,0.032,-0.367
-0.343,-0.758,0.816,-0.0,-0.058,-0.343
-0.785,0.329,-0.5,-0.0,0.171,-0.785
-0.675,0.238,-0.435,-0.0,0.198,-0.675
-0.588,0.142,-0.359,-0.0,0.217,-0.588
-0.519,0.045,-0.272,-0.0,0.226,-0.519
-0.464,-0.053,-0.173,-0.0,0.226,-0.464
-0.418,-0.151,-0.064,-0.0,0.215,-0.418
-0.381,-0.252,0.058,-0.0,0.194,-0.381
-0.349,-0.355,0.193,-0.0,0.162,-0.349
-0.322,-0.463,0.346,-0.0,0.117,-0.322
-0.298,-0.579,0.522,-0.0,0.057,-0.298
-0.278,-0.711,0.736,-0.0,-0.025,-0.278
-0.644,0.412,-0.552,-0.0,0.139,-0.643
-0.54,0.307,-0.485,-0.0,0.178,-0.54
-0.464,0.201,-0.407,-0.0,0.206,-0.464
-0.405,0.096,-0.318,-0.0,0.223,-0.405
-0.359,-0.008,-0.219,-0.0,0.227,-0.359
-0.322,-0.112,-0.109,-0.0,0.221,-0.322
-0.291,-0.216,0.013,-0.0,0.203,-0.291
-0.266,-0.321,0.148,-0.0,0.173,-0.266
-0.245,-0.43,0.298,-0.0,0.132,-0.245
-0.227,-0.546,0.471,-0.0,0.075,-0.227
-0.211,-0.675,0.677,-0.0,-0.002,-0.211
-0.464,0.482,-0.59,-0.0,0.108,-0.464
-0.381,0.363,-0.522,-0.0,0.159,-0.381
-0.322,0.247,-0.442,-0.0,0.195,-0.322
-0.278,0.134,-0.352,-0.0,0.218,-0.278
-0.245,0.025,-0.252,-0.0,0.227,-0.245
-0.219,-0.083,-0.141,-0.0,0.224,-0.219
-0.197,-0.189,-0.019,-0.0,0.208,-0.197
-0.18,-0.297,0.115,-0.0,0.181,-0.18
-0.165,-0.407,0.265,-0.0,0.141,-0.165
-0.153,-0.523,0.436,-0.0,0.087,-0.153
-0.142,-0.651,0.637,-0.0,0.014,-0.142
-0.245,0.528,-0.613,-0.0,0.084,-0.245
-0.197,0.4,-0.544,-0.0,0.144,-0.197
-0.165,0.277,-0.464,-0.0,0.187,-0.165
-0.142,0.159,-0.373,-0.0,0.214,-0.142
-0.124,0.045,-0.272,-0.0,0.226,-0.124
-0.111,-0.065,-0.16,-0.0,0.225,-0.111
-0.1,-0.173,-0.038,-0.0,0.212,-0.1
-0.091,-0.282,0.096,-0.0,0.186,-0.091
-0.083,-0.393,0.245,-0.0,0.147,-0.083
-0.077,-0.509,0.415,-0.0,0.094,-0.077
-0.071,-0.636,0.613,-0.0,0.023,-0.071
0.0,0.545,-0.621,-0.0,0.075,0.0
0.0,0.412,-0.552,-0.0,0.139,0.0
0.0,0.287,-0.471,-0.0,0.184,0.0
0.0,0.167,-0.38,-0.0,0.213,0.0
0.0,0.052,-0.278,-0.0,0.226,0.0
0.0,-0.059,-0.167,-0.0,0.226,0.0
0.0,-0.168,-0.045,-0.0,0.213,0.0
0.0,-0.277,0.09,-0.0,0.187,0.0
0.0,-0.388,0.239,-0.0,0.149,0.0
0.0,-0.504,0.408,-0.0,0.097,0.0
0.0,-0.631,0.605,-0.0,0.026,0.0
0.245,0.528,-0.613,-0.0,0.084,-2.897
0.197,0.4,-0.544,-0.0,0.144,-2.944
0.165,0.277,-0.464,-0.0,0.187,-2.976
0.142,0.159,-0.373,-0.0,0.214,-3.0
0.124,0.045,-0.272,-0.0,0.226,-3.017
0.111,-0.065,-0.16,-0.0,0.225,-3.031
0.1,-0.173,-0.038,-0.0,0.212,-3.042
0.091,-0.282,0.096,-0.0,0.186,-3.051
0.083,-0.393,0.245,-0.0,0.147,-3.058
0.077,-0.509,0.415,-0.0,0.094,-3.065
0.071,-0.636,0.613,-0.0,0.023,-3.07
0.464,0.482,-0.59,-0.0,0.108,-2.678
0.381,0.363,-0.522,-0.0,0.159,-2.761
0.322,0.247,-0.442,-0.0,0.195,-2.82
0.278,0.134,-0.352,-0.0,0.218,-2.863
0.245,0.025,-0.252,-0.0,0.227,-2.897
0.219,-0.083,-0.141,-0.0,0.224,-2.923
0.197,-0.189,-0.019,-0.0,0.208,-2.944
0.18,-0.297,0.115,-0.0,0.181,-2.962
0.165,-0.407,0.265,-0.0,0.141,-2.976
0.153,-0.523,0.436,-0.0,0.087,-2.989
0.142,-0.651,0.637,-0.0,0.014,-3.0
0.644,0.412,-0.552,-0.0,0.139,-2.498
0.54,0.307,-0.485,-0.0,0.178,-2.601
0.464,0.201,-0.407,-0.0,0.206,-2.678
0.405,0.096,-0.318,-0.0,0.223,-2.737
0.359,-0.008,-0.219,-0.0,0.227,-2.783
0.322,-0.112,-0.109,-0.0,0.221,-2.82
0.291,-0.216,0.013,-0.0,0.203,-2.85
0.266,-0.321,0.148,-0.0,0.173,-2.875
0.245,-0.43,0.298,-0.0,0.132,-2.897
0.227,-0.546,0.471,-0.0,0.075,-2.915
0.211,-0.675,0.677,-0.0,-0.002,-2.93
0.785,0.329,-0.5,-0.0,0.171,-2.356
0.675,0.238,-0.435,-0.0,0.198,-2.467
0.588,0.142,-0.359,-0.0,0.217,-2.554
0.519,0.045,-0.272,-0.0,0.226,-2.622
0.464,-0.053,-0.173,-0.0,0.226,-2.678
0.418,-0.151,-0.064,-0.0,0.215,-2.723
0.381,-0.252,0.058,-0.0,0.194,-2.761
0.349,-0.355,0.193,-0.0,0.162,-2.793
0.322,-0.463,0.346,-0.0,0.117,-2.82
0.298,-0.579,0.522,-0.0,0.057,-2.843
0.278,-0.711,0.736,-0.0,-0.025,-2.863
0.896,0.238,-0.435,-0.0,0.198,-2.246
0.785,0.159,-0.373,-0.0,0.214,-2.356
0.695,0.074,-0.298,-0.0,0.225,-2.447
0.62,-0.015,-0.212,-0.0,0.227,-2.521
0.559,-0.106,-0.115,-0.0,0.221,-2.583
0.507,-0.2,-0.006,-0.0,0.206,-2.634
0.464,-0.297,0.115,-0.0,0.181,-2.678
0.427,-0.397,0.252,-0.0,0.145,-2.715
0.395,-0.504,0.408,-0.0,0.097,-2.747
0.367,-0.622,0.59,-0.0,0.032,-2.774
0.343,-0.758,0.816,-0.0,-0.058,-2.799
0.983,0.142,-0.359,-0.0,0.217,-2.159
0.876,0.074,-0.298,-0.0,0.225,-2.266
0.785,-0.002,-0.226,-0.0,0.227,-2.356
0.709,-0.083,-0.141,-0.0,0.224,-2.433
0.644,-0.168,-0.045,-0.0,0.213,-2.498
0.588,-0.257,0.064,-0.0,0.193,-2.554
0.54,-0.35,0.187,-0.0,0.163,-2.601
0.499,-0.449,0.325,-0.0,0.123,-2.642
0.464,-0.555,0.486,-0.0,0.07,-2.678
0.432,-0.675,0.677,-0.0,-0.002,-2.709
0.405,-0.821,0.926,-0.0,-0.105,-2.737
1.052,0.045,-0.272,-0.0,0.226,-2.09
0.951,-0.015,-0.212,-0.0,0.227,-2.191
0.862,-0.083,-0.141,-0.0,0.224,-2.279
0.785,-0.157,-0.057,-0.0,0.214,-2.356
0.719,-0.236,0.038,-0.0,0.198,-2.423
0.661,-0.321,0.148,-0.0,0.173,-2.481
0.611,-0.411,0.272,-0.0,0.14,-2.531
0.567,-0.509,0.415,-0.0,0.094,-2.575
0.528,-0.617,0.582,-0.0,0.035,-2.614
0.494,-0.742,0.789,-0.0,-0.047,-2.648
0.464,-0.907,1.08,-0.0,-0.173,-2.678
1.107,-0.053,-0.173,-0.0,0.226,-2.034
1.012,-0.106,-0.115,-0.0,0.221,-2.129
0.927,-0.168,-0.045,-0.0,0.213,-2.214
0.852,-0.236,0.038,-0.0,0.198,-2.29
0.785,-0.311,0.135,-0.0,0.177,-2.356
0.727,-0.393,0.245,-0.0,0.147,-2.415
0.675,-0.481,0.373,-0.0,0.108,-2.467
0.629,-0.579,0.522,-0.0,0.057,-2.513
0.588,-0.69,0.702,-0.0,-0.012,-2.554
0.552,-0.827,0.936,-0.0,-0.109,-2.59
0.519,-1.056,1.361,-0.0,-0.305,-2.622
